1431650977,s5,0.00,0.00,0.00,0,0,0.00,0.00,0.00,0,0,0.00,0.00,0,0
1431650977,s1,0.00,0.00,0.00,0,0,0.00,0.00,0.00,0,0,0.00,0.00,0,0
1431650977,eth0,0.00,0.00,0.00,0,0,0.00,0.00,0.00,0,0,0.00,0.00,0,0
1431650977,eth1,0.00,0.00,0.00,0,0,0.00,0.00,0.00,0,0,0.00,0.00,0,0
1431650977,s2,0.00,0.00,0.00,0,0,0.00,0.00,0.00,0,0,0.00,0.00,0,0
1431650977,s1-eth1,0.00,0.00,0.00,0,0,0.00,0.00,0.00,0,0,0.00,0.00,0,0
1431650977,s1-eth2,0.00,0.00,0.00,0,0,0.00,0.00,0.00,0,0,0.00,0.00,0,0
1431650977,s3,0.00,0.00,0.00,0,0,0.00,0.00,0.00,0,0,0.00,0.00,0,0
1431650977,s2-eth2,0.00,0.00,0.00,0,0,0.00,0.00,0.00,0,0,0.00,0.00,0,0
1431650977,s2-eth1,0.00,0.00,0.00,0,0,0.00,0.00,0.00,0,0,0.00,0.00,0,0
1431650977,lo,0.00,0.00,0.00,0,0,0.00,0.00,0.00,0,0,0.00,0.00,0,0
1431650977,s4,0.00,0.00,0.00,0,0,0.00,0.00,0.00,0,0,0.00,0.00,0,0
1431650977,s3-eth2,0.00,0.00,0.00,0,0,0.00,0.00,0.00,0,0,0.00,0.00,0,0
1431650977,s3-eth1,0.00,0.00,0.00,0,0,0.00,0.00,0.00,0,0,0.00,0.00,0,0
1431650977,total,0.00,0.00,0.00,0,0,0.00,0.00,0.00,0,0,0.00,0.00,0,0
1431650978,s5,0.00,0.00,0.00,0,0,0.00,0.00,0.00,0,0,0.00,0.00,0,0
1431650978,s1,250.00,3846.00,4096.00,3846,250,3.00,18.00,21.00,18,3,0.00,0.00,0,0
1431650978,eth0,304.00,368.00,672.00,368,304,4.00,4.00,8.00,4,4,0.00,0.00,0,0
1431650978,eth1,0.00,0.00,0.00,0,0,0.00,0.00,0.00,0,0,0.00,0.00,0,0
1431650978,s2,0.00,4186.00,4186.00,4186,0,0.00,22.00,22.00,22,0,0.00,0.00,0,0
1431650978,s1-eth1,32282.00,1205534.00,1237816.00,1205534,32282,434.00,407.00,841.00,407,434,0.00,0.00,0,0
1431650978,s1-eth2,1204220.00,30576.00,1234796.00,30576,1204220,415.00,423.00,838.00,423,415,0.00,0.00,0,0
1431650978,s3,0.00,3049.00,3049.00,3049,0,0.00,15.00,15.00,15,0,0.00,0.00,0,0
1431650978,s2-eth2,1202569.00,29268.00,1231837.00,29268,1202569,419.00,418.00,837.00,418,419,0.00,0.00,0,0
1431650978,s2-eth1,30576.00,1204220.00,1234796.00,1204220,30576,423.00,415.00,838.00,415,423,0.00,0.00,0,0
1431650978,lo,17850.00,17850.00,35700.00,17850,17850,172.00,172.00,344.00,172,172,0.00,0.00,0,0
1431650978,s4,0.00,0.00,0.00,0,0,0.00,0.00,0.00,0,0,0.00,0.00,0,0
1431650978,s3-eth2,29268.00,1202569.00,1231837.00,1202569,29268,418.00,419.00,837.00,419,418,0.00,0.00,0,0
1431650978,s3-eth1,1203300.00,26820.00,1230120.00,26820,1203300,423.00,406.00,829.00,406,423,0.00,0.00,0,0
1431650978,total,3720619.00,3728286.00,7448905.00,3728286,3720619,2711.00,2719.00,5430.00,2719,2711,0.00,0.00,0,0
1431650979,s5,0.00,0.00,0.00,0,0,0.00,0.00,0.00,0,0,0.00,0.00,0,0
1431650979,s1,0.00,619.14,619.14,621,0,0.00,2.99,2.99,3,0,0.00,0.00,0,0
1431650979,eth0,151.55,183.45,335.00,184,152,1.99,1.99,3.99,2,2,0.00,0.00,0,0
1431650979,eth1,0.00,0.00,0.00,0,0,0.00,0.00,0.00,0,0,0.00,0.00,0,0
1431650979,s2,0.00,619.14,619.14,621,0,0.00,2.99,2.99,3,0,0.00,0.00,0,0
1431650979,s1-eth1,28385.84,1213740.75,1242126.62,1217382,28471,413.76,409.77,823.53,411,415,0.00,0.00,0,0
1431650979,s1-eth2,1211113.62,27532.40,1238646.12,27615,1214747,409.77,410.77,820.54,412,411,0.00,0.00,0,0
1431650979,s3,0.00,993.02,993.02,996,0,0.00,2.99,2.99,3,0,0.00,0.00,0,0
1431650979,s2-eth2,1211780.62,27206.38,1238987.00,27288,1215416,411.76,409.77,821.54,411,413,0.00,0.00,0,0
1431650979,s2-eth1,27532.40,1211113.62,1238646.12,1214747,27615,410.77,409.77,820.54,411,412,0.00,0.00,0,0
1431650979,lo,3162.51,3162.51,6325.02,3172,3172,30.91,30.91,61.81,31,31,0.00,0.00,0,0
1431650979,s4,0.00,0.00,0.00,0,0,0.00,0.00,0.00,0,0,0.00,0.00,0,0
1431650979,s3-eth2,27206.38,1211780.62,1238987.00,1215416,27288,409.77,411.76,821.54,413,411,0.00,0.00,0,0
1431650979,s3-eth1,1212447.62,26979.06,1239426.75,27060,1216085,413.76,408.77,822.53,410,415,0.00,0.00,0,0
1431650979,total,3721780.75,3723930.25,7445711.00,3735102,3732946,2502.49,2502.49,5004.99,2510,2510,0.00,0.00,0,0
1431650980,s5,0.00,0.00,0.00,0,0,0.00,0.00,0.00,0,0,0.00,0.00,0,0
1431650980,s1,0.00,701.00,701.00,701,0,0.00,3.00,3.00,3,0,0.00,0.00,0,0
1431650980,eth0,60.00,60.00,120.00,60,60,1.00,1.00,2.00,1,1,0.00,0.00,0,0
1431650980,eth1,0.00,0.00,0.00,0,0,0.00,0.00,0.00,0,0,0.00,0.00,0,0
1431650980,s2,0.00,701.00,701.00,701,0,0.00,3.00,3.00,3,0,0.00,0.00,0,0
1431650980,s1-eth1,27934.00,1217382.00,1245316.00,1217382,27934,415.00,411.00,826.00,411,415,0.00,0.00,0,0
1431650980,s1-eth2,1214794.00,27893.00,1242687.00,27893,1214794,412.00,415.00,827.00,415,412,0.00,0.00,0,0
1431650980,s3,0.00,481.00,481.00,481,0,0.00,3.00,3.00,3,0,0.00,0.00,0,0
1431650980,s2-eth2,1214901.00,27453.00,1242354.00,27453,1214901,413.00,412.00,825.00,412,413,0.00,0.00,0,0
1431650980,s2-eth1,27893.00,1214794.00,1242687.00,1214794,27893,415.00,412.00,827.00,412,415,0.00,0.00,0,0
1431650980,lo,2850.00,2850.00,5700.00,2850,2850,27.00,27.00,54.00,27,27,0.00,0.00,0,0
1431650980,s4,0.00,0.00,0.00,0,0,0.00,0.00,0.00,0,0,0.00,0.00,0,0
1431650980,s3-eth2,27453.00,1214901.00,1242354.00,1214901,27453,412.00,413.00,825.00,413,412,0.00,0.00,0,0
1431650980,s3-eth1,1215275.00,27126.00,1242401.00,27126,1215275,415.00,411.00,826.00,411,415,0.00,0.00,0,0
1431650980,total,3731160.00,3734342.00,7465502.00,3734342,3731160,2510.00,2511.00,5021.00,2511,2510,0.00,0.00,0,0
1431650981,s5,0.00,0.00,0.00,0,0,0.00,0.00,0.00,0,0,0.00,0.00,0,0
1431650981,s1,0.00,910.09,910.09,911,0,0.00,5.99,5.99,6,0,0.00,0.00,0,0
1431650981,eth0,0.00,0.00,0.00,0,0,0.00,0.00,0.00,0,0,0.00,0.00,0,0
1431650981,eth1,0.00,0.00,0.00,0,0,0.00,0.00,0.00,0,0,0.00,0.00,0,0
1431650981,s2,0.00,910.09,910.09,911,0,0.00,5.99,5.99,6,0,0.00,0.00,0,0
1431650981,s1-eth1,27943.06,1195522.50,1223465.62,1196718,27971,408.59,404.60,813.19,405,409,0.00,0.00,0,0
1431650981,s1-eth2,1195919.12,27279.72,1223198.88,27307,1197115,406.59,405.59,812.19,406,407,0.00,0.00,0,0
1431650981,s3,0.00,1199.80,1199.80,1201,0,0.00,6.99,6.99,7,0,0.00,0.00,0,0
1431650981,s2-eth2,1193623.38,26949.05,1220572.50,26976,1194817,408.59,404.60,813.19,405,409,0.00,0.00,0,0
1431650981,s2-eth1,27279.72,1195919.12,1223198.88,1197115,27307,405.59,406.59,812.19,407,406,0.00,0.00,0,0
1431650981,lo,5910.09,5910.09,11820.18,5916,5916,62.94,62.94,125.87,63,63,0.00,0.00,0,0
1431650981,s4,0.00,0.00,0.00,0,0,0.00,0.00,0.00,0,0,0.00,0.00,0,0
1431650981,s3-eth2,26949.05,1193623.38,1220572.50,1194817,26976,404.60,408.59,813.19,409,405,0.00,0.00,0,0
1431650981,s3-eth1,1191061.00,26575.43,1217636.38,26602,1192252,409.59,402.60,812.19,403,410,0.00,0.00,0,0
1431650981,total,3668685.50,3674799.25,7343484.50,3678474,3672354,2506.49,2514.49,5020.98,2517,2509,0.00,0.00,0,0
1431650982,s5,0.00,0.00,0.00,0,0,0.00,0.00,0.00,0,0,0.00,0.00,0,0
1431650982,s1,70.00,1081.00,1151.00,1081,70,1.00,4.00,5.00,4,1,0.00,0.00,0,0
1431650982,eth0,0.00,0.00,0.00,0,0,0.00,0.00,0.00,0,0,0.00,0.00,0,0
1431650982,eth1,0.00,0.00,0.00,0,0,0.00,0.00,0.00,0,0,0.00,0.00,0,0
1431650982,s2,0.00,809.00,809.00,809,0,0.00,4.00,4.00,4,0,0.00,0.00,0,0
1431650982,s1-eth1,25901.00,1110750.00,1136651.00,1110750,25901,380.00,375.00,755.00,375,380,0.00,0.00,0,0
1431650982,s1-eth2,1107858.00,25765.00,1133623.00,25765,1107858,375.00,378.00,753.00,378,375,0.00,0.00,0,0
1431650982,s3,0.00,70.00,70.00,70,0,0.00,1.00,1.00,1,0,0.00,0.00,0,0
1431650982,s2-eth2,1110820.00,25423.00,1136243.00,25423,1110820,376.00,377.00,753.00,377,376,0.00,0.00,0,0
1431650982,s2-eth1,25765.00,1107858.00,1133623.00,1107858,25765,378.00,375.00,753.00,375,378,0.00,0.00,0,0
1431650982,lo,2970.00,2970.00,5940.00,2970,2970,30.00,30.00,60.00,30,30,0.00,0.00,0,0
1431650982,s4,0.00,0.00,0.00,0,0,0.00,0.00,0.00,0,0,0.00,0.00,0,0
1431650982,s3-eth2,25423.00,1110820.00,1136243.00,1110820,25423,377.00,376.00,753.00,376,377,0.00,0.00,0,0
1431650982,s3-eth1,1107858.00,24684.00,1132542.00,24684,1107858,375.00,374.00,749.00,374,375,0.00,0.00,0,0
1431650982,total,3406665.00,3410230.00,6816895.00,3410230,3406665,2292.00,2294.00,4586.00,2294,2292,0.00,0.00,0,0
1431650983,s5,0.00,0.00,0.00,0,0,0.00,0.00,0.00,0,0,0.00,0.00,0,0
1431650983,s1,0.00,0.00,0.00,0,0,0.00,0.00,0.00,0,0,0.00,0.00,0,0
1431650983,eth0,0.00,0.00,0.00,0,0,0.00,0.00,0.00,0,0,0.00,0.00,0,0
1431650983,eth1,0.00,0.00,0.00,0,0,0.00,0.00,0.00,0,0,0.00,0.00,0,0
1431650983,s2,0.00,0.00,0.00,0,0,0.00,0.00,0.00,0,0,0.00,0.00,0,0
1431650983,s1-eth1,25014.00,1122598.00,1147612.00,1122598,25014,379.00,379.00,758.00,379,379,0.00,0.00,0,0
1431650983,s1-eth2,1119636.00,25014.00,1144650.00,25014,1119636,378.00,379.00,757.00,379,378,0.00,0.00,0,0
1431650983,s3,0.00,342.00,342.00,342,0,0.00,1.00,1.00,1,0,0.00,0.00,0,0
1431650983,s2-eth2,1119978.00,25014.00,1144992.00,25014,1119978,379.00,379.00,758.00,379,379,0.00,0.00,0,0
1431650983,s2-eth1,25014.00,1119636.00,1144650.00,1119636,25014,379.00,378.00,757.00,378,379,0.00,0.00,0,0
1431650983,lo,326.00,326.00,652.00,326,326,3.00,3.00,6.00,3,3,0.00,0.00,0,0
1431650983,s4,0.00,0.00,0.00,0,0,0.00,0.00,0.00,0,0,0.00,0.00,0,0
1431650983,s3-eth2,25014.00,1119978.00,1144992.00,1119978,25014,379.00,379.00,758.00,379,379,0.00,0.00,0,0
1431650983,s3-eth1,1122940.00,24948.00,1147888.00,24948,1122940,380.00,378.00,758.00,378,380,0.00,0.00,0,0
1431650983,total,3437922.00,3437856.00,6875778.00,3437856,3437922,2277.00,2276.00,4553.00,2276,2277,0.00,0.00,0,0
1431650984,s5,0.00,0.00,0.00,0,0,0.00,0.00,0.00,0,0,0.00,0.00,0,0
1431650984,s1,0.00,107.00,107.00,107,0,0.00,1.00,1.00,1,0,0.00,0.00,0,0
1431650984,eth0,0.00,0.00,0.00,0,0,0.00,0.00,0.00,0,0,0.00,0.00,0,0
1431650984,eth1,0.00,0.00,0.00,0,0,0.00,0.00,0.00,0,0,0.00,0.00,0,0
1431650984,s2,0.00,107.00,107.00,107,0,0.00,1.00,1.00,1,0,0.00,0.00,0,0
1431650984,s1-eth1,26746.00,1190724.00,1217470.00,1190724,26746,404.00,402.00,806.00,402,404,0.00,0.00,0,0
1431650984,s1-eth2,1193793.00,26705.00,1220498.00,26705,1193793,404.00,404.00,808.00,404,404,0.00,0.00,0,0
1431650984,s3,0.00,214.00,214.00,214,0,0.00,2.00,2.00,2,0,0.00,0.00,0,0
1431650984,s2-eth2,1190938.00,26532.00,1217470.00,26532,1190938,404.00,402.00,806.00,402,404,0.00,0.00,0,0
1431650984,s2-eth1,26705.00,1193793.00,1220498.00,1193793,26705,404.00,404.00,808.00,404,404,0.00,0.00,0,0
1431650984,lo,1220.00,1220.00,2440.00,1220,1220,12.00,12.00,24.00,12,12,0.00,0.00,0,0
1431650984,s4,0.00,0.00,0.00,0,0,0.00,0.00,0.00,0,0,0.00,0.00,0,0
1431650984,s3-eth2,26532.00,1190938.00,1217470.00,1190938,26532,402.00,404.00,806.00,404,402,0.00,0.00,0,0
1431650984,s3-eth1,1191045.00,26598.00,1217643.00,26598,1191045,405.00,403.00,808.00,403,405,0.00,0.00,0,0
1431650984,total,3656979.00,3656938.00,7313917.00,3656938,3656979,2435.00,2435.00,4870.00,2435,2435,0.00,0.00,0,0
1431650985,s5,0.00,0.00,0.00,0,0,0.00,0.00,0.00,0,0,0.00,0.00,0,0
1431650985,s1,0.00,317.00,317.00,317,0,0.00,4.00,4.00,4,0,0.00,0.00,0,0
1431650985,eth0,0.00,0.00,0.00,0,0,0.00,0.00,0.00,0,0,0.00,0.00,0,0
1431650985,eth1,0.00,0.00,0.00,0,0,0.00,0.00,0.00,0,0,0.00,0.00,0,0
1431650985,s2,0.00,659.00,659.00,659,0,0.00,5.00,5.00,5,0,0.00,0.00,0,0
1431650985,s1-eth1,27575.00,1223376.00,1250951.00,1223376,27575,417.00,414.00,831.00,414,417,0.00,0.00,0,0
1431650985,s1-eth2,1223788.00,27439.00,1251227.00,27439,1223788,416.00,415.00,831.00,415,416,0.00,0.00,0,0
1431650985,s3,0.00,622.00,622.00,622,0,0.00,5.00,5.00,5,0,0.00,0.00,0,0
1431650985,s2-eth2,1223858.00,27435.00,1251293.00,27435,1223858,417.00,415.00,832.00,415,417,0.00,0.00,0,0
1431650985,s2-eth1,27439.00,1223788.00,1251227.00,1223788,27439,415.00,416.00,831.00,416,415,0.00,0.00,0,0
1431650985,lo,3942.00,3942.00,7884.00,3942,3942,42.00,42.00,84.00,42,42,0.00,0.00,0,0
1431650985,s4,0.00,0.00,0.00,0,0,0.00,0.00,0.00,0,0,0.00,0.00,0,0
1431650985,s3-eth2,27435.00,1223858.00,1251293.00,1223858,27435,415.00,417.00,832.00,417,415,0.00,0.00,0,0
1431650985,s3-eth1,1224270.00,27262.00,1251532.00,27262,1224270,419.00,413.00,832.00,413,419,0.00,0.00,0,0
1431650985,total,3758307.00,3758698.00,7517005.00,3758698,3758307,2541.00,2546.00,5087.00,2546,2541,0.00,0.00,0,0
1431650986,s5,0.00,0.00,0.00,0,0,0.00,0.00,0.00,0,0,0.00,0.00,0,0
1431650986,s1,70.00,70.00,140.00,70,70,1.00,1.00,2.00,1,1,0.00,0.00,0,0
1431650986,eth0,0.00,0.00,0.00,0,0,0.00,0.00,0.00,0,0,0.00,0.00,0,0
1431650986,eth1,0.00,0.00,0.00,0,0,0.00,0.00,0.00,0,0,0.00,0.00,0,0
1431650986,s2,0.00,140.00,140.00,140,0,0.00,2.00,2.00,2,0,0.00,0.00,0,0
1431650986,s1-eth1,27080.00,1196648.00,1223728.00,1196648,27080,406.00,404.00,810.00,404,406,0.00,0.00,0,0
1431650986,s1-eth2,1193756.00,26734.00,1220490.00,26734,1193756,404.00,405.00,809.00,405,404,0.00,0.00,0,0
1431650986,s3,0.00,70.00,70.00,70,0,0.00,1.00,1.00,1,0,0.00,0.00,0,0
1431650986,s2-eth2,1193756.00,26668.00,1220424.00,26668,1193756,404.00,404.00,808.00,404,404,0.00,0.00,0,0
1431650986,s2-eth1,26734.00,1193756.00,1220490.00,1193756,26734,405.00,404.00,809.00,404,405,0.00,0.00,0,0
1431650986,lo,1684.00,1684.00,3368.00,1684,1684,21.00,21.00,42.00,21,21,0.00,0.00,0,0
1431650986,s4,0.00,0.00,0.00,0,0,0.00,0.00,0.00,0,0,0.00,0.00,0,0
1431650986,s3-eth2,26668.00,1193756.00,1220424.00,1193756,26668,404.00,404.00,808.00,404,404,0.00,0.00,0,0
1431650986,s3-eth1,1193756.00,26664.00,1220420.00,26664,1193756,404.00,404.00,808.00,404,404,0.00,0.00,0,0
1431650986,total,3663504.00,3666190.00,7329694.00,3666190,3663504,2449.00,2450.00,4899.00,2450,2449,0.00,0.00,0,0
1431650987,s5,0.00,0.00,0.00,0,0,0.00,0.00,0.00,0,0,0.00,0.00,0,0
1431650987,s1,0.00,0.00,0.00,0,0,0.00,0.00,0.00,0,0,0.00,0.00,0,0
1431650987,eth0,0.00,0.00,0.00,0,0,0.00,0.00,0.00,0,0,0.00,0.00,0,0
1431650987,eth1,0.00,0.00,0.00,0,0,0.00,0.00,0.00,0,0,0.00,0.00,0,0
1431650987,s2,0.00,0.00,0.00,0,0,0.00,0.00,0.00,0,0,0.00,0.00,0,0
1431650987,s1-eth1,26268.00,1176714.00,1202982.00,1176714,26268,398.00,453.00,851.00,453,398,0.00,0.00,0,0
1431650987,s1-eth2,1185534.00,26202.00,1211736.00,26202,1185534,455.00,397.00,852.00,397,455,0.00,0.00,0,0
1431650987,s3,0.00,0.00,0.00,0,0,0.00,0.00,0.00,0,0,0.00,0.00,0,0
1431650987,s2-eth2,1179412.00,26202.00,1205614.00,26202,1179412,450.00,397.00,847.00,397,450,0.00,0.00,0,0
1431650987,s2-eth1,26202.00,1185534.00,1211736.00,1185534,26202,397.00,455.00,852.00,455,397,0.00,0.00,0,0
1431650987,lo,0.00,0.00,0.00,0,0,0.00,0.00,0.00,0,0,0.00,0.00,0,0
1431650987,s4,0.00,0.00,0.00,0,0,0.00,0.00,0.00,0,0,0.00,0.00,0,0
1431650987,s3-eth2,26202.00,1179412.00,1205614.00,1179412,26202,397.00,450.00,847.00,450,397,0.00,0.00,0,0
1431650987,s3-eth1,1182374.00,26202.00,1208576.00,26202,1182374,451.00,397.00,848.00,397,451,0.00,0.00,0,0
1431650987,total,3625992.00,3620266.00,7246258.00,3620266,3625992,2548.00,2549.00,5097.00,2549,2548,0.00,0.00,0,0
1431650988,s5,0.00,0.00,0.00,0,0,0.00,0.00,0.00,0,0,0.00,0.00,0,0
1431650988,s1,0.00,0.00,0.00,0,0,0.00,0.00,0.00,0,0,0.00,0.00,0,0
1431650988,eth0,0.00,0.00,0.00,0,0,0.00,0.00,0.00,0,0,0.00,0.00,0,0
1431650988,eth1,0.00,0.00,0.00,0,0,0.00,0.00,0.00,0,0,0.00,0.00,0,0
1431650988,s2,0.00,0.00,0.00,0,0,0.00,0.00,0.00,0,0,0.00,0.00,0,0
1431650988,s1-eth1,25476.00,1143860.00,1169336.00,1143860,25476,386.00,394.00,780.00,394,386,0.00,0.00,0,0
1431650988,s1-eth2,1140964.00,25542.00,1166506.00,25542,1140964,394.00,387.00,781.00,387,394,0.00,0.00,0,0
1431650988,s3,0.00,0.00,0.00,0,0,0.00,0.00,0.00,0,0,0.00,0.00,0,0
1431650988,s2-eth2,1144124.00,25542.00,1169666.00,25542,1144124,398.00,387.00,785.00,387,398,0.00,0.00,0,0
1431650988,s2-eth1,25542.00,1140964.00,1166506.00,1140964,25542,387.00,394.00,781.00,394,387,0.00,0.00,0,0
1431650988,lo,0.00,0.00,0.00,0,0,0.00,0.00,0.00,0,0,0.00,0.00,0,0
1431650988,s4,0.00,0.00,0.00,0,0,0.00,0.00,0.00,0,0,0.00,0.00,0,0
1431650988,s3-eth2,25542.00,1144124.00,1169666.00,1144124,25542,387.00,398.00,785.00,398,387,0.00,0.00,0,0
1431650988,s3-eth1,1144124.00,25542.00,1169666.00,25542,1144124,398.00,387.00,785.00,387,398,0.00,0.00,0,0
1431650988,total,3505772.00,3505574.00,7011346.00,3505574,3505772,2350.00,2347.00,4697.00,2347,2350,0.00,0.00,0,0
1431650989,s5,0.00,0.00,0.00,0,0,0.00,0.00,0.00,0,0,0.00,0.00,0,0
1431650989,s1,0.00,342.00,342.00,342,0,0.00,1.00,1.00,1,0,0.00,0.00,0,0
1431650989,eth0,0.00,0.00,0.00,0,0,0.00,0.00,0.00,0,0,0.00,0.00,0,0
1431650989,eth1,0.00,0.00,0.00,0,0,0.00,0.00,0.00,0,0,0.00,0.00,0,0
1431650989,s2,0.00,0.00,0.00,0,0,0.00,0.00,0.00,0,0,0.00,0.00,0,0
1431650989,s1-eth1,24828.00,1104826.00,1129654.00,1104826,24828,372.00,373.00,745.00,373,372,0.00,0.00,0,0
1431650989,s1-eth2,1107788.00,24828.00,1132616.00,24828,1107788,374.00,372.00,746.00,372,374,0.00,0.00,0,0
1431650989,s3,0.00,342.00,342.00,342,0,0.00,1.00,1.00,1,0,0.00,0.00,0,0
1431650989,s2-eth2,1105168.00,24552.00,1129720.00,24552,1105168,374.00,372.00,746.00,372,374,0.00,0.00,0,0
1431650989,s2-eth1,24828.00,1107788.00,1132616.00,1107788,24828,372.00,374.00,746.00,374,372,0.00,0.00,0,0
1431650989,lo,652.00,652.00,1304.00,652,652,6.00,6.00,12.00,6,6,0.00,0.00,0,0
1431650989,s4,0.00,0.00,0.00,0,0,0.00,0.00,0.00,0,0,0.00,0.00,0,0
1431650989,s3-eth2,24552.00,1105168.00,1129720.00,1105168,24552,372.00,374.00,746.00,374,372,0.00,0.00,0,0
1431650989,s3-eth1,1105168.00,24552.00,1129720.00,24552,1105168,374.00,372.00,746.00,372,374,0.00,0.00,0,0
1431650989,total,3392984.00,3393050.00,6786034.00,3393050,3392984,2244.00,2245.00,4489.00,2245,2244,0.00,0.00,0,0
1431650990,s5,0.00,0.00,0.00,0,0,0.00,0.00,0.00,0,0,0.00,0.00,0,0
1431650990,s1,0.00,342.00,342.00,342,0,0.00,1.00,1.00,1,0,0.00,0.00,0,0
1431650990,eth0,0.00,0.00,0.00,0,0,0.00,0.00,0.00,0,0,0.00,0.00,0,0
1431650990,eth1,0.00,0.00,0.00,0,0,0.00,0.00,0.00,0,0,0.00,0.00,0,0
1431650990,s2,0.00,342.00,342.00,342,0,0.00,1.00,1.00,1,0,0.00,0.00,0,0
1431650990,s1-eth1,27534.00,1217382.00,1244916.00,1217382,27534,413.00,411.00,824.00,411,413,0.00,0.00,0,0
1431650990,s1-eth2,1214420.00,27534.00,1241954.00,27534,1214420,410.00,413.00,823.00,413,410,0.00,0.00,0,0
1431650990,s3,0.00,0.00,0.00,0,0,0.00,0.00,0.00,0,0,0.00,0.00,0,0
1431650990,s2-eth2,1214420.00,27468.00,1241888.00,27468,1214420,410.00,412.00,822.00,412,410,0.00,0.00,0,0
1431650990,s2-eth1,27534.00,1214420.00,1241954.00,1214420,27534,413.00,410.00,823.00,410,413,0.00,0.00,0,0
1431650990,lo,652.00,652.00,1304.00,652,652,6.00,6.00,12.00,6,6,0.00,0.00,0,0
1431650990,s4,0.00,0.00,0.00,0,0,0.00,0.00,0.00,0,0,0.00,0.00,0,0
1431650990,s3-eth2,27468.00,1214420.00,1241888.00,1214420,27468,412.00,410.00,822.00,410,412,0.00,0.00,0,0
1431650990,s3-eth1,1214420.00,27126.00,1241546.00,27126,1214420,410.00,411.00,821.00,411,410,0.00,0.00,0,0
1431650990,total,3726448.00,3729686.00,7456134.00,3729686,3726448,2474.00,2475.00,4949.00,2475,2474,0.00,0.00,0,0
1431650991,s5,0.00,0.00,0.00,0,0,0.00,0.00,0.00,0,0,0.00,0.00,0,0
1431650991,s1,0.00,0.00,0.00,0,0,0.00,0.00,0.00,0,0,0.00,0.00,0,0
1431650991,eth0,0.00,0.00,0.00,0,0,0.00,0.00,0.00,0,0,0.00,0.00,0,0
1431650991,eth1,0.00,0.00,0.00,0,0,0.00,0.00,0.00,0,0,0.00,0.00,0,0
1431650991,s2,0.00,0.00,0.00,0,0,0.00,0.00,0.00,0,0,0.00,0.00,0,0
1431650991,s1-eth1,26796.00,1205534.00,1232330.00,1205534,26796,406.00,407.00,813.00,407,406,0.00,0.00,0,0
1431650991,s1-eth2,1202572.00,26730.00,1229302.00,26730,1202572,406.00,405.00,811.00,405,406,0.00,0.00,0,0
1431650991,s3,0.00,0.00,0.00,0,0,0.00,0.00,0.00,0,0,0.00,0.00,0,0
1431650991,s2-eth2,1202572.00,26796.00,1229368.00,26796,1202572,406.00,406.00,812.00,406,406,0.00,0.00,0,0
1431650991,s2-eth1,26730.00,1202572.00,1229302.00,1202572,26730,405.00,406.00,811.00,406,405,0.00,0.00,0,0
1431650991,lo,344.00,344.00,688.00,344,344,6.00,6.00,12.00,6,6,0.00,0.00,0,0
1431650991,s4,0.00,0.00,0.00,0,0,0.00,0.00,0.00,0,0,0.00,0.00,0,0
1431650991,s3-eth2,26796.00,1202572.00,1229368.00,1202572,26796,406.00,406.00,812.00,406,406,0.00,0.00,0,0
1431650991,s3-eth1,1202572.00,26730.00,1229302.00,26730,1202572,406.00,405.00,811.00,405,406,0.00,0.00,0,0
1431650991,total,3688382.00,3691278.00,7379660.00,3691278,3688382,2441.00,2441.00,4882.00,2441,2441,0.00,0.00,0,0
1431650992,s5,0.00,0.00,0.00,0,0,0.00,0.00,0.00,0,0,0.00,0.00,0,0
1431650992,s1,0.00,106.89,106.89,107,0,0.00,1.00,1.00,1,0,0.00,0.00,0,0
1431650992,eth0,0.00,0.00,0.00,0,0,0.00,0.00,0.00,0,0,0.00,0.00,0,0
1431650992,eth1,0.00,0.00,0.00,0,0,0.00,0.00,0.00,0,0,0.00,0.00,0,0
1431650992,s2,0.00,106.89,106.89,107,0,0.00,1.00,1.00,1,0,0.00,0.00,0,0
1431650992,s1-eth1,27312.69,1219124.88,1246437.62,1220344,27340,412.59,411.59,824.18,412,413,0.00,0.00,0,0
1431650992,s1-eth2,1222190.88,27271.73,1249462.62,27299,1223413,413.59,412.59,826.17,413,414,0.00,0.00,0,0
1431650992,s3,0.00,213.79,213.79,214,0,0.00,2.00,2.00,2,0,0.00,0.00,0,0
1431650992,s2-eth2,1219338.75,27098.90,1246437.62,27126,1220558,413.59,410.59,824.18,411,414,0.00,0.00,0,0
1431650992,s2-eth1,27271.73,1222190.88,1249462.62,1223413,27299,412.59,413.59,826.17,414,413,0.00,0.00,0,0
1431650992,lo,1218.78,1218.78,2437.56,1220,1220,11.99,11.99,23.98,12,12,0.00,0.00,0,0
1431650992,s4,0.00,0.00,0.00,0,0,0.00,0.00,0.00,0,0,0.00,0.00,0,0
1431650992,s3-eth2,27098.90,1219338.75,1246437.62,1220558,27126,410.59,413.59,824.18,414,411,0.00,0.00,0,0
1431650992,s3-eth1,1219445.62,27164.84,1246610.38,27192,1220665,414.59,411.59,826.17,412,415,0.00,0.00,0,0
1431650992,total,3743877.25,3743836.25,7487713.50,3747580,3747621,2489.51,2489.51,4979.02,2492,2492,0.00,0.00,0,0
1431650993,s5,0.00,0.00,0.00,0,0,0.00,0.00,0.00,0,0,0.00,0.00,0,0
1431650993,s1,0.00,107.00,107.00,107,0,0.00,1.00,1.00,1,0,0.00,0.00,0,0
1431650993,eth0,0.00,0.00,0.00,0,0,0.00,0.00,0.00,0,0,0.00,0.00,0,0
1431650993,eth1,0.00,0.00,0.00,0,0,0.00,0.00,0.00,0,0,0.00,0.00,0,0
1431650993,s2,0.00,107.00,107.00,107,0,0.00,1.00,1.00,1,0,0.00,0.00,0,0
1431650993,s1-eth1,26903.00,1199610.00,1226513.00,1199610,26903,407.00,405.00,812.00,405,407,0.00,0.00,0,0
1431650993,s1-eth2,1199610.00,26837.00,1226447.00,26837,1199610,405.00,406.00,811.00,406,405,0.00,0.00,0,0
1431650993,s3,0.00,0.00,0.00,0,0,0.00,0.00,0.00,0,0,0.00,0.00,0,0
1431650993,s2-eth2,1202572.00,26903.00,1229475.00,26903,1202572,406.00,407.00,813.00,407,406,0.00,0.00,0,0
1431650993,s2-eth1,26837.00,1199610.00,1226447.00,1199610,26837,406.00,405.00,811.00,405,406,0.00,0.00,0,0
1431650993,lo,610.00,610.00,1220.00,610,610,6.00,6.00,12.00,6,6,0.00,0.00,0,0
1431650993,s4,0.00,0.00,0.00,0,0,0.00,0.00,0.00,0,0,0.00,0.00,0,0
1431650993,s3-eth2,26903.00,1202572.00,1229475.00,1202572,26903,407.00,406.00,813.00,406,407,0.00,0.00,0,0
1431650993,s3-eth1,1199610.00,26730.00,1226340.00,26730,1199610,405.00,405.00,810.00,405,405,0.00,0.00,0,0
1431650993,total,3683045.00,3683086.00,7366131.00,3683086,3683045,2442.00,2442.00,4884.00,2442,2442,0.00,0.00,0,0
1431650994,s5,0.00,0.00,0.00,0,0,0.00,0.00,0.00,0,0,0.00,0.00,0,0
1431650994,s1,0.00,0.00,0.00,0,0,0.00,0.00,0.00,0,0,0.00,0.00,0,0
1431650994,eth0,0.00,0.00,0.00,0,0,0.00,0.00,0.00,0,0,0.00,0.00,0,0
1431650994,eth1,0.00,0.00,0.00,0,0,0.00,0.00,0.00,0,0,0.00,0.00,0,0
1431650994,s2,0.00,0.00,0.00,0,0,0.00,0.00,0.00,0,0,0.00,0.00,0,0
1431650994,s1-eth1,25278.00,1138604.00,1163882.00,1138604,25278,383.00,446.00,829.00,446,383,0.00,0.00,0,0
1431650994,s1-eth2,1138604.00,25278.00,1163882.00,25278,1138604,446.00,383.00,829.00,383,446,0.00,0.00,0,0
1431650994,s3,0.00,0.00,0.00,0,0,0.00,0.00,0.00,0,0,0.00,0.00,0,0
1431650994,s2-eth2,1141566.00,25278.00,1166844.00,25278,1141566,447.00,383.00,830.00,383,447,0.00,0.00,0,0
1431650994,s2-eth1,25278.00,1138604.00,1163882.00,1138604,25278,383.00,446.00,829.00,446,383,0.00,0.00,0,0
1431650994,lo,0.00,0.00,0.00,0,0,0.00,0.00,0.00,0,0,0.00,0.00,0,0
1431650994,s4,0.00,0.00,0.00,0,0,0.00,0.00,0.00,0,0,0.00,0.00,0,0
1431650994,s3-eth2,25278.00,1141566.00,1166844.00,1141566,25278,383.00,447.00,830.00,447,383,0.00,0.00,0,0
1431650994,s3-eth1,1138604.00,25278.00,1163882.00,25278,1138604,446.00,383.00,829.00,383,446,0.00,0.00,0,0
1431650994,total,3494608.00,3494608.00,6989216.00,3494608,3494608,2488.00,2488.00,4976.00,2488,2488,0.00,0.00,0,0
1431650995,s5,0.00,0.00,0.00,0,0,0.00,0.00,0.00,0,0,0.00,0.00,0,0
1431650995,s1,0.00,0.00,0.00,0,0,0.00,0.00,0.00,0,0,0.00,0.00,0,0
1431650995,eth0,0.00,0.00,0.00,0,0,0.00,0.00,0.00,0,0,0.00,0.00,0,0
1431650995,eth1,0.00,0.00,0.00,0,0,0.00,0.00,0.00,0,0,0.00,0.00,0,0
1431650995,s2,0.00,0.00,0.00,0,0,0.00,0.00,0.00,0,0,0.00,0.00,0,0
1431650995,s1-eth1,26505.50,1195452.62,1221958.12,1196648,26532,401.60,403.60,805.19,404,402,0.00,0.00,0,0
1431650995,s1-eth2,1192493.50,26505.50,1218999.00,26532,1193686,402.60,401.60,804.20,402,403,0.00,0.00,0,0
1431650995,s3,0.00,0.00,0.00,0,0,0.00,0.00,0.00,0,0,0.00,0.00,0,0
1431650995,s2-eth2,1192493.50,26637.36,1219130.88,26664,1193686,402.60,403.60,806.19,404,403,0.00,0.00,0,0
1431650995,s2-eth1,26505.50,1192493.50,1218999.00,1193686,26532,401.60,402.60,804.20,403,402,0.00,0.00,0,0
1431650995,lo,0.00,0.00,0.00,0,0,0.00,0.00,0.00,0,0,0.00,0.00,0,0
1431650995,s4,0.00,0.00,0.00,0,0,0.00,0.00,0.00,0,0,0.00,0.00,0,0
1431650995,s3-eth2,26637.36,1192493.50,1219130.88,1193686,26664,403.60,402.60,806.19,403,404,0.00,0.00,0,0
1431650995,s3-eth1,1195452.62,26637.36,1222090.00,26664,1196648,403.60,403.60,807.19,404,404,0.00,0.00,0,0
1431650995,total,3660088.00,3660220.00,7320308.00,3663880,3663748,2415.58,2417.58,4833.17,2420,2418,0.00,0.00,0,0
1431650996,s5,0.00,0.00,0.00,0,0,0.00,0.00,0.00,0,0,0.00,0.00,0,0
1431650996,s1,0.00,0.00,0.00,0,0,0.00,0.00,0.00,0,0,0.00,0.00,0,0
1431650996,eth0,0.00,0.00,0.00,0,0,0.00,0.00,0.00,0,0,0.00,0.00,0,0
1431650996,eth1,0.00,0.00,0.00,0,0,0.00,0.00,0.00,0,0,0.00,0.00,0,0
1431650996,s2,0.00,0.00,0.00,0,0,0.00,0.00,0.00,0,0,0.00,0.00,0,0
1431650996,s1-eth1,27390.00,1223306.00,1250696.00,1223306,27390,415.00,413.00,828.00,413,415,0.00,0.00,0,0
1431650996,s1-eth2,1223306.00,27390.00,1250696.00,27390,1223306,413.00,415.00,828.00,415,413,0.00,0.00,0,0
1431650996,s3,0.00,0.00,0.00,0,0,0.00,0.00,0.00,0,0,0.00,0.00,0,0
1431650996,s2-eth2,1223306.00,27258.00,1250564.00,27258,1223306,413.00,413.00,826.00,413,413,0.00,0.00,0,0
1431650996,s2-eth1,27390.00,1223306.00,1250696.00,1223306,27390,415.00,413.00,828.00,413,415,0.00,0.00,0,0
1431650996,lo,516.00,516.00,1032.00,516,516,9.00,9.00,18.00,9,9,0.00,0.00,0,0
1431650996,s4,0.00,0.00,0.00,0,0,0.00,0.00,0.00,0,0,0.00,0.00,0,0
1431650996,s3-eth2,27258.00,1223306.00,1250564.00,1223306,27258,413.00,413.00,826.00,413,413,0.00,0.00,0,0
1431650996,s3-eth1,1223306.00,27258.00,1250564.00,27258,1223306,413.00,413.00,826.00,413,413,0.00,0.00,0,0
1431650996,total,3752472.00,3752340.00,7504812.00,3752340,3752472,2491.00,2489.00,4980.00,2489,2491,0.00,0.00,0,0
1431650997,s5,0.00,0.00,0.00,0,0,0.00,0.00,0.00,0,0,0.00,0.00,0,0
1431650997,s1,0.00,0.00,0.00,0,0,0.00,0.00,0.00,0,0,0.00,0.00,0,0
1431650997,eth0,0.00,0.00,0.00,0,0,0.00,0.00,0.00,0,0,0.00,0.00,0,0
1431650997,eth1,0.00,0.00,0.00,0,0,0.00,0.00,0.00,0,0,0.00,0.00,0,0
1431650997,s2,0.00,0.00,0.00,0,0,0.00,0.00,0.00,0,0,0.00,0.00,0,0
1431650997,s1-eth1,26664.00,1199610.00,1226274.00,1199610,26664,404.00,405.00,809.00,405,404,0.00,0.00,0,0
1431650997,s1-eth2,1202572.00,26730.00,1229302.00,26730,1202572,406.00,405.00,811.00,405,406,0.00,0.00,0,0
1431650997,s3,0.00,0.00,0.00,0,0,0.00,0.00,0.00,0,0,0.00,0.00,0,0
1431650997,s2-eth2,1199610.00,26664.00,1226274.00,26664,1199610,405.00,404.00,809.00,404,405,0.00,0.00,0,0
1431650997,s2-eth1,26730.00,1202572.00,1229302.00,1202572,26730,405.00,406.00,811.00,406,405,0.00,0.00,0,0
1431650997,lo,344.00,344.00,688.00,344,344,6.00,6.00,12.00,6,6,0.00,0.00,0,0
1431650997,s4,0.00,0.00,0.00,0,0,0.00,0.00,0.00,0,0,0.00,0.00,0,0
1431650997,s3-eth2,26664.00,1199610.00,1226274.00,1199610,26664,404.00,405.00,809.00,405,404,0.00,0.00,0,0
1431650997,s3-eth1,1199610.00,26730.00,1226340.00,26730,1199610,405.00,405.00,810.00,405,405,0.00,0.00,0,0
1431650997,total,3682194.00,3682260.00,7364454.00,3682260,3682194,2435.00,2436.00,4871.00,2436,2435,0.00,0.00,0,0
1431650998,s5,0.00,0.00,0.00,0,0,0.00,0.00,0.00,0,0,0.00,0.00,0,0
1431650998,s1,0.00,0.00,0.00,0,0,0.00,0.00,0.00,0,0,0.00,0.00,0,0
1431650998,eth0,0.00,0.00,0.00,0,0,0.00,0.00,0.00,0,0,0.00,0.00,0,0
1431650998,eth1,0.00,0.00,0.00,0,0,0.00,0.00,0.00,0,0,0.00,0.00,0,0
1431650998,s2,0.00,0.00,0.00,0,0,0.00,0.00,0.00,0,0,0.00,0.00,0,0
1431650998,s1-eth1,26730.00,1199610.00,1226340.00,1199610,26730,405.00,405.00,810.00,405,405,0.00,0.00,0,0
1431650998,s1-eth2,1196648.00,26664.00,1223312.00,26664,1196648,404.00,404.00,808.00,404,404,0.00,0.00,0,0
1431650998,s3,0.00,0.00,0.00,0,0,0.00,0.00,0.00,0,0,0.00,0.00,0,0
1431650998,s2-eth2,1199610.00,26664.00,1226274.00,26664,1199610,405.00,404.00,809.00,404,405,0.00,0.00,0,0
1431650998,s2-eth1,26664.00,1196648.00,1223312.00,1196648,26664,404.00,404.00,808.00,404,404,0.00,0.00,0,0
1431650998,lo,0.00,0.00,0.00,0,0,0.00,0.00,0.00,0,0,0.00,0.00,0,0
1431650998,s4,0.00,0.00,0.00,0,0,0.00,0.00,0.00,0,0,0.00,0.00,0,0
1431650998,s3-eth2,26664.00,1199610.00,1226274.00,1199610,26664,404.00,405.00,809.00,405,404,0.00,0.00,0,0
1431650998,s3-eth1,1199610.00,26796.00,1226406.00,26796,1199610,405.00,406.00,811.00,406,405,0.00,0.00,0,0
1431650998,total,3675926.00,3675992.00,7351918.00,3675992,3675926,2427.00,2428.00,4855.00,2428,2427,0.00,0.00,0,0
1431650999,s5,0.00,0.00,0.00,0,0,0.00,0.00,0.00,0,0,0.00,0.00,0,0
1431650999,s1,0.00,0.00,0.00,0,0,0.00,0.00,0.00,0,0,0.00,0.00,0,0
1431650999,eth0,0.00,0.00,0.00,0,0,0.00,0.00,0.00,0,0,0.00,0.00,0,0
1431650999,eth1,0.00,0.00,0.00,0,0,0.00,0.00,0.00,0,0,0.00,0.00,0,0
1431650999,s2,0.00,342.00,342.00,342,0,0.00,1.00,1.00,1,0,0.00,0.00,0,0
1431650999,s1-eth1,26730.00,1199610.00,1226340.00,1199610,26730,405.00,405.00,810.00,405,405,0.00,0.00,0,0
1431650999,s1-eth2,1199952.00,26796.00,1226748.00,26796,1199952,406.00,406.00,812.00,406,406,0.00,0.00,0,0
1431650999,s3,0.00,684.00,684.00,684,0,0.00,2.00,2.00,2,0,0.00,0.00,0,0
1431650999,s2-eth2,1197332.00,26796.00,1224128.00,26796,1197332,406.00,406.00,812.00,406,406,0.00,0.00,0,0
1431650999,s2-eth1,26796.00,1199952.00,1226748.00,1199952,26796,406.00,406.00,812.00,406,406,0.00,0.00,0,0
1431650999,lo,978.00,978.00,1956.00,978,978,9.00,9.00,18.00,9,9,0.00,0.00,0,0
1431650999,s4,0.00,0.00,0.00,0,0,0.00,0.00,0.00,0,0,0.00,0.00,0,0
1431650999,s3-eth2,26796.00,1197332.00,1224128.00,1197332,26796,406.00,406.00,812.00,406,406,0.00,0.00,0,0
1431650999,s3-eth1,1200294.00,26664.00,1226958.00,26664,1200294,407.00,404.00,811.00,404,407,0.00,0.00,0,0
1431650999,total,3678878.00,3679154.00,7358032.00,3679154,3678878,2445.00,2445.00,4890.00,2445,2445,0.00,0.00,0,0
1431651000,s5,0.00,0.00,0.00,0,0,0.00,0.00,0.00,0,0,0.00,0.00,0,0
1431651000,s1,0.00,0.00,0.00,0,0,0.00,0.00,0.00,0,0,0.00,0.00,0,0
1431651000,eth0,0.00,0.00,0.00,0,0,0.00,0.00,0.00,0,0,0.00,0.00,0,0
1431651000,eth1,0.00,0.00,0.00,0,0,0.00,0.00,0.00,0,0,0.00,0.00,0,0
1431651000,s2,0.00,0.00,0.00,0,0,0.00,0.00,0.00,0,0,0.00,0.00,0,0
1431651000,s1-eth1,24626.87,1105223.88,1129850.75,1110750,24750,373.13,373.13,746.27,375,375,0.00,0.00,0,0
1431651000,s1-eth2,1105223.88,24561.19,1129785.00,24684,1110750,373.13,372.14,745.27,374,375,0.00,0.00,0,0
1431651000,s3,0.00,0.00,0.00,0,0,0.00,0.00,0.00,0,0,0.00,0.00,0,0
1431651000,s2-eth2,1108171.12,24626.87,1132798.00,24750,1113712,374.13,373.13,747.26,375,376,0.00,0.00,0,0
1431651000,s2-eth1,24561.19,1105223.88,1129785.00,1110750,24684,372.14,373.13,745.27,375,374,0.00,0.00,0,0
1431651000,lo,0.00,0.00,0.00,0,0,0.00,0.00,0.00,0,0,0.00,0.00,0,0
1431651000,s4,0.00,0.00,0.00,0,0,0.00,0.00,0.00,0,0,0.00,0.00,0,0
1431651000,s3-eth2,24626.87,1108171.12,1132798.00,1113712,24750,373.13,374.13,747.26,376,375,0.00,0.00,0,0
1431651000,s3-eth1,1105564.12,24626.87,1130191.00,24750,1111092,374.13,373.13,747.26,375,376,0.00,0.00,0,0
1431651000,total,3392774.00,3392433.75,6785208.00,3409396,3409738,2239.80,2238.81,4478.61,2250,2251,0.00,0.00,0,0
1431651001,s5,0.00,0.00,0.00,0,0,0.00,0.00,0.00,0,0,0.00,0.00,0,0
1431651001,s1,0.00,0.00,0.00,0,0,0.00,0.00,0.00,0,0,0.00,0.00,0,0
1431651001,eth0,304.00,184.00,488.00,184,304,4.00,2.00,6.00,2,4,0.00,0.00,0,0
1431651001,eth1,110.00,0.00,110.00,0,110,1.00,0.00,1.00,0,1,0.00,0.00,0,0
1431651001,s2,0.00,0.00,0.00,0,0,0.00,0.00,0.00,0,0,0.00,0.00,0,0
1431651001,s1-eth1,23562.00,1067978.00,1091540.00,1067978,23562,357.00,429.00,786.00,429,357,0.00,0.00,0,0
1431651001,s1-eth2,1056130.00,23562.00,1079692.00,23562,1056130,425.00,357.00,782.00,357,425,0.00,0.00,0,0
1431651001,s3,0.00,0.00,0.00,0,0,0.00,0.00,0.00,0,0,0.00,0.00,0,0
1431651001,s2-eth2,1062054.00,23496.00,1085550.00,23496,1062054,427.00,356.00,783.00,356,427,0.00,0.00,0,0
1431651001,s2-eth1,23562.00,1056130.00,1079692.00,1056130,23562,357.00,425.00,782.00,425,357,0.00,0.00,0,0
1431651001,lo,748.00,748.00,1496.00,748,748,12.00,12.00,24.00,12,12,0.00,0.00,0,0
1431651001,s4,0.00,0.00,0.00,0,0,0.00,0.00,0.00,0,0,0.00,0.00,0,0
1431651001,s3-eth2,23496.00,1062054.00,1085550.00,1062054,23496,356.00,427.00,783.00,427,356,0.00,0.00,0,0
1431651001,s3-eth1,1062054.00,23562.00,1085616.00,23562,1062054,427.00,357.00,784.00,357,427,0.00,0.00,0,0
1431651001,total,3252020.00,3257714.00,6509734.00,3257714,3252020,2366.00,2365.00,4731.00,2365,2366,0.00,0.00,0,0
1431651002,s5,0.00,0.00,0.00,0,0,0.00,0.00,0.00,0,0,0.00,0.00,0,0
1431651002,s1,0.00,341.66,341.66,342,0,0.00,1.00,1.00,1,0,0.00,0.00,0,0
1431651002,eth0,151.85,183.82,335.66,184,152,2.00,2.00,4.00,2,2,0.00,0.00,0,0
1431651002,eth1,509.49,0.00,509.49,0,510,3.00,0.00,3.00,0,3,0.00,0.00,0,0
1431651002,s2,0.00,341.66,341.66,342,0,0.00,1.00,1.00,1,0,0.00,0.00,0,0
1431651002,s1-eth1,19792.21,875876.12,895668.38,876752,19812,295.70,295.70,591.41,296,296,0.00,0.00,0,0
1431651002,s1-eth2,869958.06,19858.14,889816.19,19878,870828,293.71,296.70,590.41,297,294,0.00,0.00,0,0
1431651002,s3,0.00,0.00,0.00,0,0,0.00,0.00,0.00,0,0,0.00,0.00,0,0
1431651002,s2-eth2,872917.12,19858.14,892775.25,19878,873790,294.71,296.70,591.41,297,295,0.00,0.00,0,0
1431651002,s2-eth1,19858.14,869958.06,889816.19,870828,19878,296.70,293.71,590.41,294,297,0.00,0.00,0,0
1431651002,lo,931.07,931.07,1862.14,932,932,9.99,9.99,19.98,10,10,0.00,0.00,0,0
1431651002,s4,0.00,0.00,0.00,0,0,0.00,0.00,0.00,0,0,0.00,0.00,0,0
1431651002,s3-eth2,19858.14,872917.12,892775.25,873790,19878,296.70,294.71,591.41,295,297,0.00,0.00,0,0
1431651002,s3-eth1,869958.06,19450.55,889408.62,19470,870828,293.71,294.71,588.41,295,294,0.00,0.00,0,0
1431651002,total,2673934.25,2679716.25,5353650.50,2682396,2676608,1786.21,1786.21,3572.43,1788,1788,0.00,0.00,0,0
1431651003,s5,0.00,0.00,0.00,0,0,0.00,0.00,0.00,0,0,0.00,0.00,0,0
1431651003,s1,0.00,0.00,0.00,0,0,0.00,0.00,0.00,0,0,0.00,0.00,0,0
1431651003,eth0,151.55,366.90,518.44,368,152,1.99,3.99,5.98,4,2,0.00,0.00,0,0
1431651003,eth1,2099.70,0.00,2099.70,0,2106,10.97,0.00,10.97,0,11,0.00,0.00,0,0
1431651003,s2,0.00,0.00,0.00,0,0,0.00,0.00,0.00,0,0,0.00,0.00,0,0
1431651003,s1-eth1,25334.00,1142865.38,1168199.38,1146294,25410,383.85,385.84,769.69,387,385,0.00,0.00,0,0
1431651003,s1-eth2,1145818.50,25334.00,1171152.50,25410,1149256,386.84,383.85,770.69,385,388,0.00,0.00,0,0
1431651003,s3,0.00,0.00,0.00,0,0,0.00,0.00,0.00,0,0,0.00,0.00,0,0
1431651003,s2-eth2,1141049.88,25425.15,1166475.12,25476,1143332,385.23,385.23,770.46,386,386,0.00,0.00,0,0
1431651003,s2-eth1,25359.28,1146962.12,1172321.38,1149256,25410,384.23,387.23,771.46,388,385,0.00,0.00,0,0
1431651003,lo,435.13,435.13,870.26,436,436,5.99,5.99,11.98,6,6,0.00,0.00,0,0
1431651003,s4,0.00,0.00,0.00,0,0,0.00,0.00,0.00,0,0,0.00,0.00,0,0
1431651003,s3-eth2,25425.15,1141049.88,1166475.12,1143332,25476,385.23,385.23,770.46,386,386,0.00,0.00,0,0
1431651003,s3-eth1,1144006.00,25425.15,1169431.12,25476,1146294,386.23,385.23,771.46,386,387,0.00,0.00,0,0
1431651003,total,3510850.50,3509030.00,7019880.50,3516048,3517872,2331.34,2323.35,4654.69,2328,2336,0.00,0.00,0,0
1431651004,s5,0.00,0.00,0.00,0,0,0.00,0.00,0.00,0,0,0.00,0.00,0,0
1431651004,s1,0.00,0.00,0.00,0,0,0.00,0.00,0.00,0,0,0.00,0.00,0,0
1431651004,eth0,150.35,182.00,332.34,184,152,1.98,1.98,3.96,2,2,0.00,0.00,0,0
1431651004,eth1,952.52,0.00,952.52,0,963,3.96,0.00,3.96,0,4,0.00,0.00,0,0
1431651004,s2,0.00,0.00,0.00,0,0,0.00,0.00,0.00,0,0,0.00,0.00,0,0
1431651004,s1-eth1,20433.23,917018.81,937452.06,927106,20658,309.59,309.59,619.19,313,313,0.00,0.00,0,0
1431651004,s1-eth2,914089.06,20433.23,934522.25,20658,924144,308.61,309.59,618.20,313,312,0.00,0.00,0,0
1431651004,s3,0.00,0.00,0.00,0,0,0.00,0.00,0.00,0,0,0.00,0.00,0,0
1431651004,s2-eth2,914305.75,20307.69,934613.44,20592,927106,308.68,307.69,616.37,312,313,0.00,0.00,0,0
1431651004,s2-eth1,20372.78,911384.62,931757.38,924144,20658,308.68,307.69,616.37,312,313,0.00,0.00,0,0
1431651004,lo,445.76,445.76,891.52,452,452,6.90,6.90,13.81,7,7,0.00,0.00,0,0
1431651004,s4,0.00,0.00,0.00,0,0,0.00,0.00,0.00,0,0,0.00,0.00,0,0
1431651004,s3-eth2,20307.69,914305.75,934613.44,927106,20592,307.69,308.68,616.37,313,312,0.00,0.00,0,0
1431651004,s3-eth1,911384.62,20242.60,931627.25,20526,924144,307.69,306.71,614.40,311,312,0.00,0.00,0,0
1431651004,total,2799673.50,2801546.25,5601220.00,2840768,2838869,1861.93,1857.00,3718.93,1883,1888,0.00,0.00,0,0
1431651005,s5,0.00,0.00,0.00,0,0,0.00,0.00,0.00,0,0,0.00,0.00,0,0
1431651005,s1,0.00,340.30,340.30,342,0,0.00,1.00,1.00,1,0,0.00,0.00,0,0
1431651005,eth0,0.00,0.00,0.00,0,0,0.00,0.00,0.00,0,0,0.00,0.00,0,0
1431651005,eth1,0.00,0.00,0.00,0,0,0.00,0.00,0.00,0,0,0.00,0.00,0,0
1431651005,s2,0.00,0.00,0.00,0,0,0.00,0.00,0.00,0,0,0.00,0.00,0,0
1431651005,s1-eth1,23850.75,1061014.88,1084865.62,1066320,23970,357.21,358.21,715.42,360,359,0.00,0.00,0,0
1431651005,s1-eth2,1055120.38,23785.07,1078905.50,23904,1060396,356.22,356.22,712.44,358,358,0.00,0.00,0,0
1431651005,s3,0.00,0.00,0.00,0,0,0.00,0.00,0.00,0,0,0.00,0.00,0,0
1431651005,s2-eth2,1040624.19,23187.44,1063811.62,23628,1060396,351.32,351.32,702.65,358,358,0.00,0.00,0,0
1431651005,s2-eth1,23458.29,1040624.19,1064082.50,1060396,23904,351.32,351.32,702.65,358,358,0.00,0.00,0,0
1431651005,lo,319.92,319.92,639.84,326,326,2.94,2.94,5.89,3,3,0.00,0.00,0,0
1431651005,s4,0.00,0.00,0.00,0,0,0.00,0.00,0.00,0,0,0.00,0.00,0,0
1431651005,s3-eth2,23187.44,1040624.19,1063811.62,1060396,23628,351.32,351.32,702.65,358,358,0.00,0.00,0,0
1431651005,s3-eth1,1040624.19,23252.21,1063876.38,23694,1060396,351.32,352.31,703.63,359,358,0.00,0.00,0,0
1431651005,total,3192361.25,3198239.50,6390601.00,3259006,3253016,2111.87,2114.82,4226.69,2155,2152,0.00,0.00,0,0
1431651006,s5,0.00,0.00,0.00,0,0,0.00,0.00,0.00,0,0,0.00,0.00,0,0
1431651006,s1,0.00,0.00,0.00,0,0,0.00,0.00,0.00,0,0,0.00,0.00,0,0
1431651006,eth0,0.00,0.00,0.00,0,0,0.00,0.00,0.00,0,0,0.00,0.00,0,0
1431651006,eth1,756.62,0.00,756.62,0,771,3.93,0.00,3.93,0,4,0.00,0.00,0,0
1431651006,s2,0.00,0.00,0.00,0,0,0.00,0.00,0.00,0,0,0.00,0.00,0,0
1431651006,s1-eth1,24029.44,1087132.50,1111162.00,1107788,24486,364.08,367.03,731.11,374,371,0.00,0.00,0,0
1431651006,s1-eth2,1087132.50,24029.44,1111162.00,24486,1107788,367.03,364.08,731.11,371,374,0.00,0.00,0,0
1431651006,s3,0.00,0.00,0.00,0,0,0.00,0.00,0.00,0,0,0.00,0.00,0,0
1431651006,s2-eth2,1095615.12,24478.56,1120093.75,24552,1098902,369.89,370.89,740.78,372,371,0.00,0.00,0,0
1431651006,s2-eth1,24412.76,1104474.62,1128887.38,1107788,24486,369.89,372.88,742.77,374,371,0.00,0.00,0,0
1431651006,lo,514.46,514.46,1028.91,516,516,8.97,8.97,17.95,9,9,0.00,0.00,0,0
1431651006,s4,0.00,0.00,0.00,0,0,0.00,0.00,0.00,0,0,0.00,0.00,0,0
1431651006,s3-eth2,24478.56,1095615.12,1120093.75,1098902,24552,370.89,369.89,740.78,371,372,0.00,0.00,0,0
1431651006,s3-eth1,1094523.88,24388.45,1118912.38,24486,1098902,369.52,369.52,739.04,371,371,0.00,0.00,0,0
1431651006,total,3366935.25,3375018.00,6741953.50,3388518,3380403,2234.06,2233.07,4467.13,2242,2243,0.00,0.00,0,0
1431651007,s5,0.00,0.00,0.00,0,0,0.00,0.00,0.00,0,0,0.00,0.00,0,0
1431651007,s1,0.00,0.00,0.00,0,0,0.00,0.00,0.00,0,0,0.00,0.00,0,0
1431651007,eth0,0.00,0.00,0.00,0,0,0.00,0.00,0.00,0,0,0.00,0.00,0,0
1431651007,eth1,284.76,0.00,284.76,0,342,0.83,0.00,0.83,0,1,0.00,0.00,0,0
1431651007,s2,0.00,0.00,0.00,0,0,0.00,0.00,0.00,0,0,0.00,0.00,0,0
1431651007,s1-eth1,20717.73,934719.38,955437.12,1122598,24882,313.91,315.57,629.48,379,377,0.00,0.00,0,0
1431651007,s1-eth2,942118.25,20882.60,963000.81,25080,1131484,318.07,316.40,634.47,380,382,0.00,0.00,0,0
1431651007,s3,0.00,0.00,0.00,0,0,0.00,0.00,0.00,0,0,0.00,0.00,0,0
1431651007,s2-eth2,942118.25,20827.64,962945.88,25014,1131484,318.07,315.57,633.64,379,382,0.00,0.00,0,0
1431651007,s2-eth1,20882.60,942118.25,963000.81,1131484,25080,316.40,318.07,634.47,382,380,0.00,0.00,0,0
1431651007,lo,0.00,0.00,0.00,0,0,0.00,0.00,0.00,0,0,0.00,0.00,0,0
1431651007,s4,0.00,0.00,0.00,0,0,0.00,0.00,0.00,0,0,0.00,0.00,0,0
1431651007,s3-eth2,20827.64,942118.25,962945.88,1131484,25014,315.57,318.07,633.64,382,379,0.00,0.00,0,0
1431651007,s3-eth1,942903.31,20845.00,963748.31,25014,1131484,318.33,315.83,634.17,379,382,0.00,0.00,0,0
1431651007,total,2891475.00,2883895.00,5775370.00,3460674,3469770,1902.50,1900.83,3803.33,2281,2283,0.00,0.00,0,0
1431651008,s5,0.00,0.00,0.00,0,0,0.00,0.00,0.00,0,0,0.00,0.00,0,0
1431651008,s1,0.00,214.00,214.00,214,0,0.00,2.00,2.00,2,0,0.00,0.00,0,0
1431651008,eth0,0.00,0.00,0.00,0,0,0.00,0.00,0.00,0,0,0.00,0.00,0,0
1431651008,eth1,0.00,0.00,0.00,0,0,0.00,0.00,0.00,0,0,0.00,0.00,0,0
1431651008,s2,0.00,214.00,214.00,214,0,0.00,2.00,2.00,2,0,0.00,0.00,0,0
1431651008,s1-eth1,23631.00,1015966.00,1039597.00,1015966,23631,352.00,343.00,695.00,343,352,0.00,0.00,0,0
1431651008,s1-eth2,1019035.00,22984.00,1042019.00,22984,1019035,345.00,347.00,692.00,347,345,0.00,0.00,0,0
1431651008,s3,0.00,214.00,214.00,214,0,0.00,2.00,2.00,2,0,0.00,0.00,0,0
1431651008,s2-eth2,1016180.00,22877.00,1039057.00,22877,1016180,345.00,346.00,691.00,346,345,0.00,0.00,0,0
1431651008,s2-eth1,22984.00,1019035.00,1042019.00,1019035,22984,347.00,345.00,692.00,345,347,0.00,0.00,0,0
1431651008,lo,1830.00,1830.00,3660.00,1830,1830,18.00,18.00,36.00,18,18,0.00,0.00,0,0
1431651008,s4,0.00,0.00,0.00,0,0,0.00,0.00,0.00,0,0,0.00,0.00,0,0
1431651008,s3-eth2,22877.00,1016180.00,1039057.00,1016180,22877,346.00,345.00,691.00,345,346,0.00,0.00,0,0
1431651008,s3-eth1,1013325.00,22770.00,1036095.00,22770,1013325,345.00,345.00,690.00,345,345,0.00,0.00,0,0
1431651008,total,3119862.00,3122284.00,6242146.00,3122284,3119862,2098.00,2095.00,4193.00,2095,2098,0.00,0.00,0,0
1431651009,s5,0.00,0.00,0.00,0,0,0.00,0.00,0.00,0,0,0.00,0.00,0,0
1431651009,s1,0.00,0.00,0.00,0,0,0.00,0.00,0.00,0,0,0.00,0.00,0,0
1431651009,eth0,0.00,0.00,0.00,0,0,0.00,0.00,0.00,0,0,0.00,0.00,0,0
1431651009,eth1,107.00,0.00,107.00,0,107,1.00,0.00,1.00,0,1,0.00,0.00,0,0
1431651009,s2,0.00,0.00,0.00,0,0,0.00,0.00,0.00,0,0,0.00,0.00,0,0
1431651009,s1-eth1,27192.00,1220344.00,1247536.00,1220344,27192,412.00,412.00,824.00,412,412,0.00,0.00,0,0
1431651009,s1-eth2,1220344.00,27258.00,1247602.00,27258,1220344,412.00,413.00,825.00,413,412,0.00,0.00,0,0
1431651009,s3,0.00,0.00,0.00,0,0,0.00,0.00,0.00,0,0,0.00,0.00,0,0
1431651009,s2-eth2,1220344.00,27192.00,1247536.00,27192,1220344,412.00,412.00,824.00,412,412,0.00,0.00,0,0
1431651009,s2-eth1,27258.00,1220344.00,1247602.00,1220344,27258,413.00,412.00,825.00,412,413,0.00,0.00,0,0
1431651009,lo,0.00,0.00,0.00,0,0,0.00,0.00,0.00,0,0,0.00,0.00,0,0
1431651009,s4,0.00,0.00,0.00,0,0,0.00,0.00,0.00,0,0,0.00,0.00,0,0
1431651009,s3-eth2,27192.00,1220344.00,1247536.00,1220344,27192,412.00,412.00,824.00,412,412,0.00,0.00,0,0
1431651009,s3-eth1,1220344.00,27192.00,1247536.00,27192,1220344,412.00,412.00,824.00,412,412,0.00,0.00,0,0
1431651009,total,3742781.00,3742674.00,7485455.00,3742674,3742781,2474.00,2473.00,4947.00,2473,2474,0.00,0.00,0,0
1431651010,s5,0.00,0.00,0.00,0,0,0.00,0.00,0.00,0,0,0.00,0.00,0,0
1431651010,s1,0.00,0.00,0.00,0,0,0.00,0.00,0.00,0,0,0.00,0.00,0,0
1431651010,eth0,0.00,0.00,0.00,0,0,0.00,0.00,0.00,0,0,0.00,0.00,0,0
1431651010,eth1,70.00,0.00,70.00,0,70,1.00,0.00,1.00,0,1,0.00,0.00,0,0
1431651010,s2,0.00,0.00,0.00,0,0,0.00,0.00,0.00,0,0,0.00,0.00,0,0
1431651010,s1-eth1,26334.00,1184800.00,1211134.00,1184800,26334,399.00,400.00,799.00,400,399,0.00,0.00,0,0
1431651010,s1-eth2,1181838.00,26268.00,1208106.00,26268,1181838,399.00,398.00,797.00,398,399,0.00,0.00,0,0
1431651010,s3,0.00,0.00,0.00,0,0,0.00,0.00,0.00,0,0,0.00,0.00,0,0
1431651010,s2-eth2,1184800.00,26334.00,1211134.00,26334,1184800,400.00,399.00,799.00,399,400,0.00,0.00,0,0
1431651010,s2-eth1,26268.00,1181838.00,1208106.00,1181838,26268,398.00,399.00,797.00,399,398,0.00,0.00,0,0
1431651010,lo,0.00,0.00,0.00,0,0,0.00,0.00,0.00,0,0,0.00,0.00,0,0
1431651010,s4,0.00,0.00,0.00,0,0,0.00,0.00,0.00,0,0,0.00,0.00,0,0
1431651010,s3-eth2,26334.00,1184800.00,1211134.00,1184800,26334,399.00,400.00,799.00,400,399,0.00,0.00,0,0
1431651010,s3-eth1,1181838.00,26334.00,1208172.00,26334,1181838,399.00,399.00,798.00,399,399,0.00,0.00,0,0
1431651010,total,3627482.00,3630374.00,7257856.00,3630374,3627482,2395.00,2395.00,4790.00,2395,2395,0.00,0.00,0,0
1431651011,s5,0.00,0.00,0.00,0,0,0.00,0.00,0.00,0,0,0.00,0.00,0,0
1431651011,s1,0.00,0.00,0.00,0,0,0.00,0.00,0.00,0,0,0.00,0.00,0,0
1431651011,eth0,0.00,0.00,0.00,0,0,0.00,0.00,0.00,0,0,0.00,0.00,0,0
1431651011,eth1,0.00,0.00,0.00,0,0,0.00,0.00,0.00,0,0,0.00,0.00,0,0
1431651011,s2,0.00,342.00,342.00,342,0,0.00,1.00,1.00,1,0,0.00,0.00,0,0
1431651011,s1-eth1,26796.00,1205534.00,1232330.00,1205534,26796,406.00,407.00,813.00,407,406,0.00,0.00,0,0
1431651011,s1-eth2,1202914.00,26796.00,1229710.00,26796,1202914,407.00,406.00,813.00,406,407,0.00,0.00,0,0
1431651011,s3,0.00,342.00,342.00,342,0,0.00,1.00,1.00,1,0,0.00,0.00,0,0
1431651011,s2-eth2,1202914.00,26796.00,1229710.00,26796,1202914,407.00,406.00,813.00,406,407,0.00,0.00,0,0
1431651011,s2-eth1,26796.00,1202914.00,1229710.00,1202914,26796,406.00,407.00,813.00,407,406,0.00,0.00,0,0
1431651011,lo,996.00,996.00,1992.00,996,996,12.00,12.00,24.00,12,12,0.00,0.00,0,0
1431651011,s4,0.00,0.00,0.00,0,0,0.00,0.00,0.00,0,0,0.00,0.00,0,0
1431651011,s3-eth2,26796.00,1202914.00,1229710.00,1202914,26796,406.00,407.00,813.00,407,406,0.00,0.00,0,0
1431651011,s3-eth1,1205876.00,26862.00,1232738.00,26862,1205876,408.00,407.00,815.00,407,408,0.00,0.00,0,0
1431651011,total,3693088.00,3693496.00,7386584.00,3693496,3693088,2452.00,2454.00,4906.00,2454,2452,0.00,0.00,0,0
1431651012,s5,0.00,0.00,0.00,0,0,0.00,0.00,0.00,0,0,0.00,0.00,0,0
1431651012,s1,0.00,0.00,0.00,0,0,0.00,0.00,0.00,0,0,0.00,0.00,0,0
1431651012,eth0,0.00,0.00,0.00,0,0,0.00,0.00,0.00,0,0,0.00,0.00,0,0
1431651012,eth1,341.32,0.00,341.32,0,342,1.00,0.00,1.00,0,1,0.00,0.00,0,0
1431651012,s2,0.00,0.00,0.00,0,0,0.00,0.00,0.00,0,0,0.00,0.00,0,0
1431651012,s1-eth1,25820.36,1164776.50,1190596.88,1167106,25872,391.22,460.08,851.30,461,392,0.00,0.00,0,0
1431651012,s1-eth2,1168782.50,25886.23,1194668.75,25938,1171120,455.09,392.22,847.31,393,456,0.00,0.00,0,0
1431651012,s3,0.00,0.00,0.00,0,0,0.00,0.00,0.00,0,0,0.00,0.00,0,0
1431651012,s2-eth2,1165628.75,25820.36,1191449.12,25872,1167960,451.10,391.22,842.32,392,452,0.00,0.00,0,0
1431651012,s2-eth1,25886.23,1168782.50,1194668.75,1171120,25938,392.22,455.09,847.31,456,393,0.00,0.00,0,0
1431651012,lo,0.00,0.00,0.00,0,0,0.00,0.00,0.00,0,0,0.00,0.00,0,0
1431651012,s4,0.00,0.00,0.00,0,0,0.00,0.00,0.00,0,0,0.00,0.00,0,0
1431651012,s3-eth2,25820.36,1165628.75,1191449.12,1167960,25872,391.22,451.10,842.32,452,392,0.00,0.00,0,0
1431651012,s3-eth1,1162882.25,25820.36,1188702.62,25872,1165208,449.10,391.22,840.32,392,450,0.00,0.00,0,0
1431651012,total,3575161.75,3576714.75,7151876.50,3583868,3582312,2530.94,2540.92,5071.86,2546,2536,0.00,0.00,0,0
1431651013,s5,0.00,0.00,0.00,0,0,0.00,0.00,0.00,0,0,0.00,0.00,0,0
1431651013,s1,0.00,0.00,0.00,0,0,0.00,0.00,0.00,0,0,0.00,0.00,0,0
1431651013,eth0,0.00,0.00,0.00,0,0,0.00,0.00,0.00,0,0,0.00,0.00,0,0
1431651013,eth1,0.00,0.00,0.00,0,0,0.00,0.00,0.00,0,0,0.00,0.00,0,0
1431651013,s2,0.00,0.00,0.00,0,0,0.00,0.00,0.00,0,0,0.00,0.00,0,0
1431651013,s1-eth1,27324.00,1221924.00,1249248.00,1221924,27324,414.00,414.00,828.00,414,414,0.00,0.00,0,0
1431651013,s1-eth2,1223834.00,27258.00,1251092.00,27258,1223834,421.00,413.00,834.00,413,421,0.00,0.00,0,0
1431651013,s3,0.00,0.00,0.00,0,0,0.00,0.00,0.00,0,0,0.00,0.00,0,0
1431651013,s2-eth2,1224032.00,27324.00,1251356.00,27324,1224032,424.00,414.00,838.00,414,424,0.00,0.00,0,0
1431651013,s2-eth1,27258.00,1223834.00,1251092.00,1223834,27258,413.00,421.00,834.00,421,413,0.00,0.00,0,0
1431651013,lo,172.00,172.00,344.00,172,172,3.00,3.00,6.00,3,3,0.00,0.00,0,0
1431651013,s4,0.00,0.00,0.00,0,0,0.00,0.00,0.00,0,0,0.00,0.00,0,0
1431651013,s3-eth2,27324.00,1224032.00,1251356.00,1224032,27324,414.00,424.00,838.00,424,414,0.00,0.00,0,0
1431651013,s3-eth1,1224164.00,27258.00,1251422.00,27258,1224164,426.00,413.00,839.00,413,426,0.00,0.00,0,0
1431651013,total,3754108.00,3751802.00,7505910.00,3751802,3754108,2515.00,2502.00,5017.00,2502,2515,0.00,0.00,0,0
1431651014,s5,0.00,0.00,0.00,0,0,0.00,0.00,0.00,0,0,0.00,0.00,0,0
1431651014,s1,0.00,0.00,0.00,0,0,0.00,0.00,0.00,0,0,0.00,0.00,0,0
1431651014,eth0,0.00,0.00,0.00,0,0,0.00,0.00,0.00,0,0,0.00,0.00,0,0
1431651014,eth1,0.00,0.00,0.00,0,0,0.00,0.00,0.00,0,0,0.00,0.00,0,0
1431651014,s2,0.00,0.00,0.00,0,0,0.00,0.00,0.00,0,0,0.00,0.00,0,0
1431651014,s1-eth1,27258.00,1220344.00,1247602.00,1220344,27258,413.00,412.00,825.00,412,413,0.00,0.00,0,0
1431651014,s1-eth2,1220344.00,27258.00,1247602.00,27258,1220344,412.00,413.00,825.00,413,412,0.00,0.00,0,0
1431651014,s3,0.00,0.00,0.00,0,0,0.00,0.00,0.00,0,0,0.00,0.00,0,0
1431651014,s2-eth2,1220344.00,27192.00,1247536.00,27192,1220344,412.00,412.00,824.00,412,412,0.00,0.00,0,0
1431651014,s2-eth1,27258.00,1220344.00,1247602.00,1220344,27258,413.00,412.00,825.00,412,413,0.00,0.00,0,0
1431651014,lo,0.00,0.00,0.00,0,0,0.00,0.00,0.00,0,0,0.00,0.00,0,0
1431651014,s4,0.00,0.00,0.00,0,0,0.00,0.00,0.00,0,0,0.00,0.00,0,0
1431651014,s3-eth2,27192.00,1220344.00,1247536.00,1220344,27192,412.00,412.00,824.00,412,412,0.00,0.00,0,0
1431651014,s3-eth1,1220344.00,27258.00,1247602.00,27258,1220344,412.00,413.00,825.00,413,412,0.00,0.00,0,0
1431651014,total,3742740.00,3742740.00,7485480.00,3742740,3742740,2474.00,2474.00,4948.00,2474,2474,0.00,0.00,0,0
1431651015,s5,0.00,0.00,0.00,0,0,0.00,0.00,0.00,0,0,0.00,0.00,0,0
1431651015,s1,0.00,0.00,0.00,0,0,0.00,0.00,0.00,0,0,0.00,0.00,0,0
1431651015,eth0,0.00,0.00,0.00,0,0,0.00,0.00,0.00,0,0,0.00,0.00,0,0
1431651015,eth1,0.00,0.00,0.00,0,0,0.00,0.00,0.00,0,0,0.00,0.00,0,0
1431651015,s2,0.00,0.00,0.00,0,0,0.00,0.00,0.00,0,0,0.00,0.00,0,0
1431651015,s1-eth1,27258.00,1223306.00,1250564.00,1223306,27258,413.00,413.00,826.00,413,413,0.00,0.00,0,0
1431651015,s1-eth2,1223306.00,27258.00,1250564.00,27258,1223306,413.00,413.00,826.00,413,413,0.00,0.00,0,0
1431651015,s3,0.00,0.00,0.00,0,0,0.00,0.00,0.00,0,0,0.00,0.00,0,0
1431651015,s2-eth2,1223306.00,27258.00,1250564.00,27258,1223306,413.00,413.00,826.00,413,413,0.00,0.00,0,0
1431651015,s2-eth1,27258.00,1223306.00,1250564.00,1223306,27258,413.00,413.00,826.00,413,413,0.00,0.00,0,0
1431651015,lo,344.00,344.00,688.00,344,344,6.00,6.00,12.00,6,6,0.00,0.00,0,0
1431651015,s4,0.00,0.00,0.00,0,0,0.00,0.00,0.00,0,0,0.00,0.00,0,0
1431651015,s3-eth2,27258.00,1223306.00,1250564.00,1223306,27258,413.00,413.00,826.00,413,413,0.00,0.00,0,0
1431651015,s3-eth1,1223306.00,27258.00,1250564.00,27258,1223306,413.00,413.00,826.00,413,413,0.00,0.00,0,0
1431651015,total,3752036.00,3752036.00,7504072.00,3752036,3752036,2484.00,2484.00,4968.00,2484,2484,0.00,0.00,0,0
1431651016,s5,0.00,0.00,0.00,0,0,0.00,0.00,0.00,0,0,0.00,0.00,0,0
1431651016,s1,0.00,342.00,342.00,342,0,0.00,1.00,1.00,1,0,0.00,0.00,0,0
1431651016,eth0,0.00,0.00,0.00,0,0,0.00,0.00,0.00,0,0,0.00,0.00,0,0
1431651016,eth1,0.00,0.00,0.00,0,0,0.00,0.00,0.00,0,0,0.00,0.00,0,0
1431651016,s2,0.00,0.00,0.00,0,0,0.00,0.00,0.00,0,0,0.00,0.00,0,0
1431651016,s1-eth1,27576.00,1223348.00,1250924.00,1223348,27576,414.00,414.00,828.00,414,414,0.00,0.00,0,0
1431651016,s1-eth2,1223348.00,27642.00,1250990.00,27642,1223348,414.00,415.00,829.00,415,414,0.00,0.00,0,0
1431651016,s3,0.00,0.00,0.00,0,0,0.00,0.00,0.00,0,0,0.00,0.00,0,0
1431651016,s2-eth2,1223348.00,27300.00,1250648.00,27300,1223348,414.00,414.00,828.00,414,414,0.00,0.00,0,0
1431651016,s2-eth1,27642.00,1223348.00,1250990.00,1223348,27642,415.00,414.00,829.00,414,415,0.00,0.00,0,0
1431651016,lo,1558.00,1558.00,3116.00,1558,1558,18.00,18.00,36.00,18,18,0.00,0.00,0,0
1431651016,s4,0.00,0.00,0.00,0,0,0.00,0.00,0.00,0,0,0.00,0.00,0,0
1431651016,s3-eth2,27300.00,1223348.00,1250648.00,1223348,27300,414.00,414.00,828.00,414,414,0.00,0.00,0,0
1431651016,s3-eth1,1223348.00,27300.00,1250648.00,27300,1223348,414.00,414.00,828.00,414,414,0.00,0.00,0,0
1431651016,total,3754120.00,3754186.00,7508306.00,3754186,3754120,2503.00,2504.00,5007.00,2504,2503,0.00,0.00,0,0
1431651017,s5,0.00,0.00,0.00,0,0,0.00,0.00,0.00,0,0,0.00,0.00,0,0
1431651017,s1,0.00,0.00,0.00,0,0,0.00,0.00,0.00,0,0,0.00,0.00,0,0
1431651017,eth0,0.00,0.00,0.00,0,0,0.00,0.00,0.00,0,0,0.00,0.00,0,0
1431651017,eth1,106.89,0.00,106.89,0,107,1.00,0.00,1.00,0,1,0.00,0.00,0,0
1431651017,s2,0.00,0.00,0.00,0,0,0.00,0.00,0.00,0,0,0.00,0.00,0,0
1431651017,s1-eth1,27296.70,1225043.00,1252339.75,1226268,27324,413.59,413.59,827.17,414,414,0.00,0.00,0,0
1431651017,s1-eth2,1225043.00,27230.77,1252273.75,27258,1226268,413.59,412.59,826.17,413,414,0.00,0.00,0,0
1431651017,s3,0.00,0.00,0.00,0,0,0.00,0.00,0.00,0,0,0.00,0.00,0,0
1431651017,s2-eth2,1225043.00,27296.70,1252339.75,27324,1226268,413.59,413.59,827.17,414,414,0.00,0.00,0,0
1431651017,s2-eth1,27230.77,1225043.00,1252273.75,1226268,27258,412.59,413.59,826.17,414,413,0.00,0.00,0,0
1431651017,lo,0.00,0.00,0.00,0,0,0.00,0.00,0.00,0,0,0.00,0.00,0,0
1431651017,s4,0.00,0.00,0.00,0,0,0.00,0.00,0.00,0,0,0.00,0.00,0,0
1431651017,s3-eth2,27296.70,1225043.00,1252339.75,1226268,27324,413.59,413.59,827.17,414,414,0.00,0.00,0,0
1431651017,s3-eth1,1225043.00,27230.77,1252273.75,27258,1226268,413.59,412.59,826.17,413,414,0.00,0.00,0,0
1431651017,total,3757060.00,3756887.25,7513947.50,3760644,3760817,2481.52,2479.52,4961.04,2482,2484,0.00,0.00,0,0
1431651018,s5,0.00,0.00,0.00,0,0,0.00,0.00,0.00,0,0,0.00,0.00,0,0
1431651018,s1,0.00,0.00,0.00,0,0,0.00,0.00,0.00,0,0,0.00,0.00,0,0
1431651018,eth0,0.00,0.00,0.00,0,0,0.00,0.00,0.00,0,0,0.00,0.00,0,0
1431651018,eth1,0.00,0.00,0.00,0,0,0.00,0.00,0.00,0,0,0.00,0.00,0,0
1431651018,s2,0.00,0.00,0.00,0,0,0.00,0.00,0.00,0,0,0.00,0.00,0,0
1431651018,s1-eth1,27258.00,1223306.00,1250564.00,1223306,27258,413.00,413.00,826.00,413,413,0.00,0.00,0,0
1431651018,s1-eth2,1223306.00,27258.00,1250564.00,27258,1223306,413.00,413.00,826.00,413,413,0.00,0.00,0,0
1431651018,s3,0.00,342.00,342.00,342,0,0.00,1.00,1.00,1,0,0.00,0.00,0,0
1431651018,s2-eth2,1223648.00,27258.00,1250906.00,27258,1223648,414.00,413.00,827.00,413,414,0.00,0.00,0,0
1431651018,s2-eth1,27258.00,1223306.00,1250564.00,1223306,27258,413.00,413.00,826.00,413,413,0.00,0.00,0,0
1431651018,lo,326.00,326.00,652.00,326,326,3.00,3.00,6.00,3,3,0.00,0.00,0,0
1431651018,s4,0.00,0.00,0.00,0,0,0.00,0.00,0.00,0,0,0.00,0.00,0,0
1431651018,s3-eth2,27258.00,1223648.00,1250906.00,1223648,27258,413.00,414.00,827.00,414,413,0.00,0.00,0,0
1431651018,s3-eth1,1223648.00,27258.00,1250906.00,27258,1223648,414.00,413.00,827.00,413,414,0.00,0.00,0,0
1431651018,total,3752702.00,3752702.00,7505404.00,3752702,3752702,2483.00,2483.00,4966.00,2483,2483,0.00,0.00,0,0
1431651019,s5,0.00,0.00,0.00,0,0,0.00,0.00,0.00,0,0,0.00,0.00,0,0
1431651019,s1,0.00,342.00,342.00,342,0,0.00,1.00,1.00,1,0,0.00,0.00,0,0
1431651019,eth0,0.00,0.00,0.00,0,0,0.00,0.00,0.00,0,0,0.00,0.00,0,0
1431651019,eth1,0.00,0.00,0.00,0,0,0.00,0.00,0.00,0,0,0.00,0.00,0,0
1431651019,s2,0.00,342.00,342.00,342,0,0.00,1.00,1.00,1,0,0.00,0.00,0,0
1431651019,s1-eth1,27600.00,1227992.00,1255592.00,1227992,27600,414.00,484.00,898.00,484,414,0.00,0.00,0,0
1431651019,s1-eth2,1227992.00,27600.00,1255592.00,27600,1227992,484.00,414.00,898.00,414,484,0.00,0.00,0,0
1431651019,s3,0.00,0.00,0.00,0,0,0.00,0.00,0.00,0,0,0.00,0.00,0,0
1431651019,s2-eth2,1227992.00,27600.00,1255592.00,27600,1227992,484.00,414.00,898.00,414,484,0.00,0.00,0,0
1431651019,s2-eth1,27600.00,1227992.00,1255592.00,1227992,27600,414.00,484.00,898.00,484,414,0.00,0.00,0,0
1431651019,lo,652.00,652.00,1304.00,652,652,6.00,6.00,12.00,6,6,0.00,0.00,0,0
1431651019,s4,0.00,0.00,0.00,0,0,0.00,0.00,0.00,0,0,0.00,0.00,0,0
1431651019,s3-eth2,27600.00,1227992.00,1255592.00,1227992,27600,414.00,484.00,898.00,484,414,0.00,0.00,0,0
1431651019,s3-eth1,1227992.00,27258.00,1255250.00,27258,1227992,484.00,413.00,897.00,413,484,0.00,0.00,0,0
1431651019,total,3767428.00,3767770.00,7535198.00,3767770,3767428,2700.00,2701.00,5401.00,2701,2700,0.00,0.00,0,0
1431651020,s5,0.00,0.00,0.00,0,0,0.00,0.00,0.00,0,0,0.00,0.00,0,0
1431651020,s1,0.00,0.00,0.00,0,0,0.00,0.00,0.00,0,0,0.00,0.00,0,0
1431651020,eth0,0.00,0.00,0.00,0,0,0.00,0.00,0.00,0,0,0.00,0.00,0,0
1431651020,eth1,0.00,0.00,0.00,0,0,0.00,0.00,0.00,0,0,0.00,0.00,0,0
1431651020,s2,0.00,0.00,0.00,0,0,0.00,0.00,0.00,0,0,0.00,0.00,0,0
1431651020,s1-eth1,27060.00,1214420.00,1241480.00,1214420,27060,410.00,410.00,820.00,410,410,0.00,0.00,0,0
1431651020,s1-eth2,1214420.00,27060.00,1241480.00,27060,1214420,410.00,410.00,820.00,410,410,0.00,0.00,0,0
1431651020,s3,0.00,0.00,0.00,0,0,0.00,0.00,0.00,0,0,0.00,0.00,0,0
1431651020,s2-eth2,1214420.00,27060.00,1241480.00,27060,1214420,410.00,410.00,820.00,410,410,0.00,0.00,0,0
1431651020,s2-eth1,27060.00,1214420.00,1241480.00,1214420,27060,410.00,410.00,820.00,410,410,0.00,0.00,0,0
1431651020,lo,0.00,0.00,0.00,0,0,0.00,0.00,0.00,0,0,0.00,0.00,0,0
1431651020,s4,0.00,0.00,0.00,0,0,0.00,0.00,0.00,0,0,0.00,0.00,0,0
1431651020,s3-eth2,27060.00,1214420.00,1241480.00,1214420,27060,410.00,410.00,820.00,410,410,0.00,0.00,0,0
1431651020,s3-eth1,1214420.00,27060.00,1241480.00,27060,1214420,410.00,410.00,820.00,410,410,0.00,0.00,0,0
1431651020,total,3724440.00,3724440.00,7448880.00,3724440,3724440,2460.00,2460.00,4920.00,2460,2460,0.00,0.00,0,0
1431651021,s5,0.00,0.00,0.00,0,0,0.00,0.00,0.00,0,0,0.00,0.00,0,0
1431651021,s1,0.00,0.00,0.00,0,0,0.00,0.00,0.00,0,0,0.00,0.00,0,0
1431651021,eth0,0.00,0.00,0.00,0,0,0.00,0.00,0.00,0,0,0.00,0.00,0,0
1431651021,eth1,0.00,0.00,0.00,0,0,0.00,0.00,0.00,0,0,0.00,0.00,0,0
1431651021,s2,0.00,0.00,0.00,0,0,0.00,0.00,0.00,0,0,0.00,0.00,0,0
1431651021,s1-eth1,27060.00,1214420.00,1241480.00,1214420,27060,410.00,410.00,820.00,410,410,0.00,0.00,0,0
1431651021,s1-eth2,1214420.00,27060.00,1241480.00,27060,1214420,410.00,410.00,820.00,410,410,0.00,0.00,0,0
1431651021,s3,0.00,0.00,0.00,0,0,0.00,0.00,0.00,0,0,0.00,0.00,0,0
1431651021,s2-eth2,1214420.00,27060.00,1241480.00,27060,1214420,410.00,410.00,820.00,410,410,0.00,0.00,0,0
1431651021,s2-eth1,27060.00,1214420.00,1241480.00,1214420,27060,410.00,410.00,820.00,410,410,0.00,0.00,0,0
1431651021,lo,344.00,344.00,688.00,344,344,6.00,6.00,12.00,6,6,0.00,0.00,0,0
1431651021,s4,0.00,0.00,0.00,0,0,0.00,0.00,0.00,0,0,0.00,0.00,0,0
1431651021,s3-eth2,27060.00,1214420.00,1241480.00,1214420,27060,410.00,410.00,820.00,410,410,0.00,0.00,0,0
1431651021,s3-eth1,1214420.00,27060.00,1241480.00,27060,1214420,410.00,410.00,820.00,410,410,0.00,0.00,0,0
1431651021,total,3724784.00,3724784.00,7449568.00,3724784,3724784,2466.00,2466.00,4932.00,2466,2466,0.00,0.00,0,0
1431651022,s5,0.00,0.00,0.00,0,0,0.00,0.00,0.00,0,0,0.00,0.00,0,0
1431651022,s1,0.00,0.00,0.00,0,0,0.00,0.00,0.00,0,0,0.00,0.00,0,0
1431651022,eth0,0.00,0.00,0.00,0,0,0.00,0.00,0.00,0,0,0.00,0.00,0,0
1431651022,eth1,342.00,0.00,342.00,0,342,1.00,0.00,1.00,0,1,0.00,0.00,0,0
1431651022,s2,0.00,0.00,0.00,0,0,0.00,0.00,0.00,0,0,0.00,0.00,0,0
1431651022,s1-eth1,27258.00,1223306.00,1250564.00,1223306,27258,413.00,413.00,826.00,413,413,0.00,0.00,0,0
1431651022,s1-eth2,1223306.00,27258.00,1250564.00,27258,1223306,413.00,413.00,826.00,413,413,0.00,0.00,0,0
1431651022,s3,0.00,0.00,0.00,0,0,0.00,0.00,0.00,0,0,0.00,0.00,0,0
1431651022,s2-eth2,1223306.00,27258.00,1250564.00,27258,1223306,413.00,413.00,826.00,413,413,0.00,0.00,0,0
1431651022,s2-eth1,27258.00,1223306.00,1250564.00,1223306,27258,413.00,413.00,826.00,413,413,0.00,0.00,0,0
1431651022,lo,172.00,172.00,344.00,172,172,3.00,3.00,6.00,3,3,0.00,0.00,0,0
1431651022,s4,0.00,0.00,0.00,0,0,0.00,0.00,0.00,0,0,0.00,0.00,0,0
1431651022,s3-eth2,27258.00,1223306.00,1250564.00,1223306,27258,413.00,413.00,826.00,413,413,0.00,0.00,0,0
1431651022,s3-eth1,1223306.00,27258.00,1250564.00,27258,1223306,413.00,413.00,826.00,413,413,0.00,0.00,0,0
1431651022,total,3752206.00,3751864.00,7504070.00,3751864,3752206,2482.00,2481.00,4963.00,2481,2482,0.00,0.00,0,0
1431651023,s5,0.00,0.00,0.00,0,0,0.00,0.00,0.00,0,0,0.00,0.00,0,0
1431651023,s1,0.00,562.00,562.00,562,0,0.00,3.00,3.00,3,0,0.00,0.00,0,0
1431651023,eth0,608.00,736.00,1344.00,736,608,8.00,8.00,16.00,8,8,0.00,0.00,0,0
1431651023,eth1,0.00,0.00,0.00,0,0,0.00,0.00,0.00,0,0,0.00,0.00,0,0
1431651023,s2,0.00,640.00,640.00,640,0,0.00,4.00,4.00,4,0,0.00,0.00,0,0
1431651023,s1-eth1,26698.00,1175914.00,1202612.00,1175914,26698,399.00,397.00,796.00,397,399,0.00,0.00,0,0
1431651023,s1-eth2,1173592.00,26698.00,1200290.00,26698,1173592,400.00,399.00,799.00,399,400,0.00,0.00,0,0
1431651023,s3,0.00,640.00,640.00,640,0,0.00,4.00,4.00,4,0,0.00,0.00,0,0
1431651023,s2-eth2,1176554.00,26136.00,1202690.00,26136,1176554,401.00,396.00,797.00,396,401,0.00,0.00,0,0
1431651023,s2-eth1,26698.00,1173592.00,1200290.00,1173592,26698,399.00,400.00,799.00,400,399,0.00,0.00,0,0
1431651023,lo,4446.00,4446.00,8892.00,4446,4446,48.00,48.00,96.00,48,48,0.00,0.00,0,0
1431651023,s4,0.00,0.00,0.00,0,0,0.00,0.00,0.00,0,0,0.00,0.00,0,0
1431651023,s3-eth2,26136.00,1176554.00,1202690.00,1176554,26136,396.00,401.00,797.00,401,396,0.00,0.00,0,0
1431651023,s3-eth1,1171172.00,26136.00,1197308.00,26136,1171172,402.00,396.00,798.00,396,402,0.00,0.00,0,0
1431651023,total,3605904.00,3612054.00,7217958.00,3612054,3605904,2453.00,2456.00,4909.00,2456,2453,0.00,0.00,0,0
1431651024,s5,0.00,0.00,0.00,0,0,0.00,0.00,0.00,0,0,0.00,0.00,0,0
1431651024,s1,0.00,530.00,530.00,530,0,0.00,3.00,3.00,3,0,0.00,0.00,0,0
1431651024,eth0,760.00,844.00,1604.00,844,760,10.00,9.00,19.00,9,10,0.00,0.00,0,0
1431651024,eth1,0.00,0.00,0.00,0,0,0.00,0.00,0.00,0,0,0.00,0.00,0,0
1431651024,s2,0.00,702.00,702.00,702,0,0.00,5.00,5.00,5,0,0.00,0.00,0,0
1431651024,s1-eth1,27778.00,1202572.00,1230350.00,1202572,27778,411.00,406.00,817.00,406,411,0.00,0.00,0,0
1431651024,s1-eth2,1202822.00,27392.00,1230214.00,27392,1202822,409.00,410.00,819.00,410,409,0.00,0.00,0,0
1431651024,s3,0.00,702.00,702.00,702,0,0.00,5.00,5.00,5,0,0.00,0.00,0,0
1431651024,s2-eth2,1203274.00,27248.00,1230522.00,27248,1203274,411.00,408.00,819.00,408,411,0.00,0.00,0,0
1431651024,s2-eth1,27392.00,1202822.00,1230214.00,1202822,27392,410.00,409.00,819.00,409,410,0.00,0.00,0,0
1431651024,lo,5100.00,5100.00,10200.00,5100,5100,56.00,56.00,112.00,56,56,0.00,0.00,0,0
1431651024,s4,0.00,0.00,0.00,0,0,0.00,0.00,0.00,0,0,0.00,0.00,0,0
1431651024,s3-eth2,27248.00,1203274.00,1230522.00,1203274,27248,408.00,411.00,819.00,411,408,0.00,0.00,0,0
1431651024,s3-eth1,1206314.00,26862.00,1233176.00,26862,1206314,413.00,407.00,820.00,407,413,0.00,0.00,0,0
1431651024,total,3700688.00,3698048.00,7398736.00,3698048,3700688,2528.00,2529.00,5057.00,2529,2528,0.00,0.00,0,0
1431651025,s5,0.00,0.00,0.00,0,0,0.00,0.00,0.00,0,0,0.00,0.00,0,0
1431651025,s1,0.00,1512.00,1512.00,1512,0,0.00,10.00,10.00,10,0,0.00,0.00,0,0
1431651025,eth0,0.00,0.00,0.00,0,0,0.00,0.00,0.00,0,0,0.00,0.00,0,0
1431651025,eth1,0.00,0.00,0.00,0,0,0.00,0.00,0.00,0,0,0.00,0.00,0,0
1431651025,s2,0.00,2024.00,2024.00,2024,0,0.00,10.00,10.00,10,0,0.00,0.00,0,0
1431651025,s1-eth1,28892.00,1223306.00,1252198.00,1223306,28892,424.00,413.00,837.00,413,424,0.00,0.00,0,0
1431651025,s1-eth2,1222200.00,28638.00,1250838.00,28638,1222200,420.00,421.00,841.00,421,420,0.00,0.00,0,0
1431651025,s3,0.00,2044.00,2044.00,2044,0,0.00,10.00,10.00,10,0,0.00,0.00,0,0
1431651025,s2-eth2,1222388.00,27360.00,1249748.00,27360,1222388,422.00,414.00,836.00,414,422,0.00,0.00,0,0
1431651025,s2-eth1,28638.00,1222200.00,1250838.00,1222200,28638,421.00,420.00,841.00,420,421,0.00,0.00,0,0
1431651025,lo,9105.00,9105.00,18210.00,9105,9105,88.00,88.00,176.00,88,88,0.00,0.00,0,0
1431651025,s4,0.00,0.00,0.00,0,0,0.00,0.00,0.00,0,0,0.00,0.00,0,0
1431651025,s3-eth2,27360.00,1222388.00,1249748.00,1222388,27360,414.00,422.00,836.00,422,414,0.00,0.00,0,0
1431651025,s3-eth1,1224077.00,27126.00,1251203.00,27126,1224077,431.00,411.00,842.00,411,431,0.00,0.00,0,0
1431651025,total,3762660.00,3765703.00,7528363.00,3765703,3762660,2620.00,2619.00,5239.00,2619,2620,0.00,0.00,0,0
1431651026,s5,0.00,0.00,0.00,0,0,0.00,0.00,0.00,0,0,0.00,0.00,0,0
1431651026,s1,0.00,3167.00,3167.00,3167,0,0.00,15.00,15.00,15,0,0.00,0.00,0,0
1431651026,eth0,0.00,0.00,0.00,0,0,0.00,0.00,0.00,0,0,0.00,0.00,0,0
1431651026,eth1,0.00,0.00,0.00,0,0,0.00,0.00,0.00,0,0,0.00,0.00,0,0
1431651026,s2,0.00,2063.00,2063.00,2063,0,0.00,11.00,11.00,11,0,0.00,0.00,0,0
1431651026,s1-eth1,31683.00,1223306.00,1254989.00,1223306,31683,435.00,413.00,848.00,413,435,0.00,0.00,0,0
1431651026,s1-eth2,1223680.00,30359.00,1254039.00,30359,1223680,415.00,427.00,842.00,427,415,0.00,0.00,0,0
1431651026,s3,0.00,2043.00,2043.00,2043,0,0.00,11.00,11.00,11,0,0.00,0.00,0,0
1431651026,s2-eth2,1225349.00,28881.00,1254230.00,28881,1225349,424.00,421.00,845.00,421,424,0.00,0.00,0,0
1431651026,s2-eth1,30359.00,1223680.00,1254039.00,1223680,30359,427.00,415.00,842.00,415,427,0.00,0.00,0,0
1431651026,lo,11610.00,11610.00,23220.00,11610,11610,114.00,114.00,228.00,114,114,0.00,0.00,0,0
1431651026,s4,0.00,0.00,0.00,0,0,0.00,0.00,0.00,0,0,0.00,0.00,0,0
1431651026,s3-eth2,28881.00,1225349.00,1254230.00,1225349,28881,421.00,424.00,845.00,424,421,0.00,0.00,0,0
1431651026,s3-eth1,1223430.00,27192.00,1250622.00,27192,1223430,427.00,412.00,839.00,412,427,0.00,0.00,0,0
1431651026,total,3774992.00,3777650.00,7552642.00,3777650,3774992,2663.00,2663.00,5326.00,2663,2663,0.00,0.00,0,0
1431651027,s5,0.00,0.00,0.00,0,0,0.00,0.00,0.00,0,0,0.00,0.00,0,0
1431651027,s1,0.00,1460.00,1460.00,1460,0,0.00,6.00,6.00,6,0,0.00,0.00,0,0
1431651027,eth0,0.00,0.00,0.00,0,0,0.00,0.00,0.00,0,0,0.00,0.00,0,0
1431651027,eth1,0.00,0.00,0.00,0,0,0.00,0.00,0.00,0,0,0.00,0.00,0,0
1431651027,s2,0.00,1802.00,1802.00,1802,0,0.00,7.00,7.00,7,0,0.00,0.00,0,0
1431651027,s1-eth1,30150.00,1223306.00,1253456.00,1223306,30150,424.00,413.00,837.00,413,424,0.00,0.00,0,0
1431651027,s1-eth2,1223975.00,28652.00,1252627.00,28652,1223975,415.00,418.00,833.00,418,415,0.00,0.00,0,0
1431651027,s3,0.00,1822.00,1822.00,1822,0,0.00,7.00,7.00,7,0,0.00,0.00,0,0
1431651027,s2-eth2,1222166.00,28325.00,1250491.00,28325,1222166,419.00,417.00,836.00,417,419,0.00,0.00,0,0
1431651027,s2-eth1,28652.00,1223975.00,1252627.00,1223975,28652,418.00,415.00,833.00,415,418,0.00,0.00,0,0
1431651027,lo,6415.00,6415.00,12830.00,6415,6415,61.00,61.00,122.00,61,61,0.00,0.00,0,0
1431651027,s4,0.00,0.00,0.00,0,0,0.00,0.00,0.00,0,0,0.00,0.00,0,0
1431651027,s3-eth2,28325.00,1222166.00,1250491.00,1222166,28325,417.00,419.00,836.00,419,417,0.00,0.00,0,0
1431651027,s3-eth1,1222583.00,27192.00,1249775.00,27192,1222583,421.00,412.00,833.00,412,421,0.00,0.00,0,0
1431651027,total,3762266.00,3765115.00,7527381.00,3765115,3762266,2575.00,2575.00,5150.00,2575,2575,0.00,0.00,0,0
1431651028,s5,0.00,0.00,0.00,0,0,0.00,0.00,0.00,0,0,0.00,0.00,0,0
1431651028,s1,0.00,434.00,434.00,434,0,0.00,2.00,2.00,2,0,0.00,0.00,0,0
1431651028,eth0,60.00,60.00,120.00,60,60,1.00,1.00,2.00,1,1,0.00,0.00,0,0
1431651028,eth1,0.00,0.00,0.00,0,0,0.00,0.00,0.00,0,0,0.00,0.00,0,0
1431651028,s2,0.00,771.00,771.00,771,0,0.00,4.00,4.00,4,0,0.00,0.00,0,0
1431651028,s1-eth1,27953.00,1223306.00,1251259.00,1223306,27953,415.00,413.00,828.00,413,415,0.00,0.00,0,0
1431651028,s1-eth2,1223750.00,27692.00,1251442.00,27692,1223750,416.00,415.00,831.00,415,416,0.00,0.00,0,0
1431651028,s3,0.00,771.00,771.00,771,0,0.00,4.00,4.00,4,0,0.00,0.00,0,0
1431651028,s2-eth2,1224077.00,27519.00,1251596.00,27519,1224077,417.00,413.00,830.00,413,417,0.00,0.00,0,0
1431651028,s2-eth1,27692.00,1223750.00,1251442.00,1223750,27692,415.00,416.00,831.00,416,415,0.00,0.00,0,0
1431651028,lo,3081.00,3081.00,6162.00,3081,3081,30.00,30.00,60.00,30,30,0.00,0.00,0,0
1431651028,s4,0.00,0.00,0.00,0,0,0.00,0.00,0.00,0,0,0.00,0.00,0,0
1431651028,s3-eth2,27519.00,1224077.00,1251596.00,1224077,27519,413.00,417.00,830.00,417,413,0.00,0.00,0,0
1431651028,s3-eth1,1221489.00,27258.00,1248747.00,27258,1221489,418.00,413.00,831.00,413,418,0.00,0.00,0,0
1431651028,total,3755621.00,3758719.00,7514340.00,3758719,3755621,2525.00,2528.00,5053.00,2528,2525,0.00,0.00,0,0
1431651029,s5,0.00,0.00,0.00,0,0,0.00,0.00,0.00,0,0,0.00,0.00,0,0
1431651029,s1,0.00,1380.00,1380.00,1380,0,0.00,6.00,6.00,6,0,0.00,0.00,0,0
1431651029,eth0,304.00,368.00,672.00,368,304,4.00,4.00,8.00,4,4,0.00,0.00,0,0
1431651029,eth1,0.00,0.00,0.00,0,0,0.00,0.00,0.00,0,0,0.00,0.00,0,0
1431651029,s2,0.00,701.00,701.00,701,0,0.00,3.00,3.00,3,0,0.00,0.00,0,0
1431651029,s1-eth1,28745.00,1223306.00,1252051.00,1223306,28745,420.00,413.00,833.00,413,420,0.00,0.00,0,0
1431651029,s1-eth2,1223633.00,28572.00,1252205.00,28572,1223633,414.00,418.00,832.00,418,414,0.00,0.00,0,0
1431651029,s3,0.00,701.00,701.00,701,0,0.00,3.00,3.00,3,0,0.00,0.00,0,0
1431651029,s2-eth2,1221045.00,27632.00,1248677.00,27632,1221045,415.00,415.00,830.00,415,415,0.00,0.00,0,0
1431651029,s2-eth1,28572.00,1223633.00,1252205.00,1223633,28572,418.00,414.00,832.00,414,418,0.00,0.00,0,0
1431651029,lo,4351.00,4351.00,8702.00,4351,4351,44.00,44.00,88.00,44,44,0.00,0.00,0,0
1431651029,s4,0.00,0.00,0.00,0,0,0.00,0.00,0.00,0,0,0.00,0.00,0,0
1431651029,s3-eth2,27632.00,1221045.00,1248677.00,1221045,27632,415.00,415.00,830.00,415,415,0.00,0.00,0,0
1431651029,s3-eth1,1224404.00,27192.00,1251596.00,27192,1224404,418.00,412.00,830.00,412,418,0.00,0.00,0,0
1431651029,total,3758686.00,3758881.00,7517567.00,3758881,3758686,2548.00,2547.00,5095.00,2547,2548,0.00,0.00,0,0
1431651030,s5,0.00,0.00,0.00,0,0,0.00,0.00,0.00,0,0,0.00,0.00,0,0
1431651030,s1,0.00,397.00,397.00,397,0,0.00,2.00,2.00,2,0,0.00,0.00,0,0
1431651030,eth0,0.00,0.00,0.00,0,0,0.00,0.00,0.00,0,0,0.00,0.00,0,0
1431651030,eth1,0.00,0.00,0.00,0,0,0.00,0.00,0.00,0,0,0.00,0.00,0,0
1431651030,s2,0.00,739.00,739.00,739,0,0.00,3.00,3.00,3,0,0.00,0.00,0,0
1431651030,s1-eth1,28319.00,1228520.00,1256839.00,1228520,28319,418.00,492.00,910.00,492,418,0.00,0.00,0,0
1431651030,s1-eth2,1225900.00,27655.00,1253555.00,27655,1225900,492.00,415.00,907.00,415,492,0.00,0.00,0,0
1431651030,s3,0.00,1081.00,1081.00,1081,0,0.00,4.00,4.00,4,0,0.00,0.00,0,0
1431651030,s2-eth2,1229601.00,27655.00,1257256.00,27655,1229601,496.00,415.00,911.00,415,496,0.00,0.00,0,0
1431651030,s2-eth1,27655.00,1225900.00,1253555.00,1225900,27655,415.00,492.00,907.00,492,415,0.00,0.00,0,0
1431651030,lo,2760.00,2760.00,5520.00,2760,2760,27.00,27.00,54.00,27,27,0.00,0.00,0,0
1431651030,s4,0.00,0.00,0.00,0,0,0.00,0.00,0.00,0,0,0.00,0.00,0,0
1431651030,s3-eth2,27655.00,1229601.00,1257256.00,1229601,27655,415.00,496.00,911.00,496,415,0.00,0.00,0,0
1431651030,s3-eth1,1226639.00,27258.00,1253897.00,27258,1226639,495.00,413.00,908.00,413,495,0.00,0.00,0,0
1431651030,total,3768529.00,3771566.00,7540095.00,3771566,3768529,2758.00,2759.00,5517.00,2759,2758,0.00,0.00,0,0
1431651031,s5,0.00,0.00,0.00,0,0,0.00,0.00,0.00,0,0,0.00,0.00,0,0
1431651031,s1,0.00,0.00,0.00,0,0,0.00,0.00,0.00,0,0,0.00,0.00,0,0
1431651031,eth0,0.00,0.00,0.00,0,0,0.00,0.00,0.00,0,0,0.00,0.00,0,0
1431651031,eth1,0.00,0.00,0.00,0,0,0.00,0.00,0.00,0,0,0.00,0.00,0,0
1431651031,s2,0.00,0.00,0.00,0,0,0.00,0.00,0.00,0,0,0.00,0.00,0,0
1431651031,s1-eth1,27258.00,1223306.00,1250564.00,1223306,27258,413.00,413.00,826.00,413,413,0.00,0.00,0,0
1431651031,s1-eth2,1223306.00,27258.00,1250564.00,27258,1223306,413.00,413.00,826.00,413,413,0.00,0.00,0,0
1431651031,s3,0.00,0.00,0.00,0,0,0.00,0.00,0.00,0,0,0.00,0.00,0,0
1431651031,s2-eth2,1223306.00,27192.00,1250498.00,27192,1223306,413.00,412.00,825.00,412,413,0.00,0.00,0,0
1431651031,s2-eth1,27258.00,1223306.00,1250564.00,1223306,27258,413.00,413.00,826.00,413,413,0.00,0.00,0,0
1431651031,lo,344.00,344.00,688.00,344,344,6.00,6.00,12.00,6,6,0.00,0.00,0,0
1431651031,s4,0.00,0.00,0.00,0,0,0.00,0.00,0.00,0,0,0.00,0.00,0,0
1431651031,s3-eth2,27192.00,1223306.00,1250498.00,1223306,27192,412.00,413.00,825.00,413,412,0.00,0.00,0,0
1431651031,s3-eth1,1223306.00,27258.00,1250564.00,27258,1223306,413.00,413.00,826.00,413,413,0.00,0.00,0,0
1431651031,total,3751970.00,3751970.00,7503940.00,3751970,3751970,2483.00,2483.00,4966.00,2483,2483,0.00,0.00,0,0
1431651032,s5,0.00,0.00,0.00,0,0,0.00,0.00,0.00,0,0,0.00,0.00,0,0
1431651032,s1,0.00,449.00,449.00,449,0,0.00,2.00,2.00,2,0,0.00,0.00,0,0
1431651032,eth0,0.00,0.00,0.00,0,0,0.00,0.00,0.00,0,0,0.00,0.00,0,0
1431651032,eth1,0.00,0.00,0.00,0,0,0.00,0.00,0.00,0,0,0.00,0.00,0,0
1431651032,s2,0.00,519.00,519.00,519,0,0.00,3.00,3.00,3,0,0.00,0.00,0,0
1431651032,s1-eth1,27707.00,1223306.00,1251013.00,1223306,27707,415.00,413.00,828.00,413,415,0.00,0.00,0,0
1431651032,s1-eth2,1223483.00,27707.00,1251190.00,27707,1223483,415.00,415.00,830.00,415,415,0.00,0.00,0,0
1431651032,s3,0.00,177.00,177.00,177,0,0.00,2.00,2.00,2,0,0.00,0.00,0,0
1431651032,s2-eth2,1223483.00,27600.00,1251083.00,27600,1223483,415.00,414.00,829.00,414,415,0.00,0.00,0,0
1431651032,s2-eth1,27707.00,1223483.00,1251190.00,1223483,27707,415.00,415.00,830.00,415,415,0.00,0.00,0,0
1431651032,lo,2103.00,2103.00,4206.00,2103,2103,21.00,21.00,42.00,21,21,0.00,0.00,0,0
1431651032,s4,0.00,0.00,0.00,0,0,0.00,0.00,0.00,0,0,0.00,0.00,0,0
1431651032,s3-eth2,27600.00,1223483.00,1251083.00,1223483,27600,414.00,415.00,829.00,415,414,0.00,0.00,0,0
1431651032,s3-eth1,1223590.00,27258.00,1250848.00,27258,1223590,416.00,413.00,829.00,413,416,0.00,0.00,0,0
1431651032,total,3755673.00,3756085.00,7511758.00,3756085,3755673,2511.00,2513.00,5024.00,2513,2511,0.00,0.00,0,0
1431651033,s5,0.00,0.00,0.00,0,0,0.00,0.00,0.00,0,0,0.00,0.00,0,0
1431651033,s1,0.00,177.00,177.00,177,0,0.00,2.00,2.00,2,0,0.00,0.00,0,0
1431651033,eth0,0.00,0.00,0.00,0,0,0.00,0.00,0.00,0,0,0.00,0.00,0,0
1431651033,eth1,449.00,0.00,449.00,0,449,2.00,0.00,2.00,0,2,0.00,0.00,0,0
1431651033,s2,0.00,107.00,107.00,107,0,0.00,1.00,1.00,1,0,0.00,0.00,0,0
1431651033,s1-eth1,27818.00,1223306.00,1251124.00,1223306,27818,416.00,413.00,829.00,413,416,0.00,0.00,0,0
1431651033,s1-eth2,1223306.00,27435.00,1250741.00,27435,1223306,413.00,415.00,828.00,415,413,0.00,0.00,0,0
1431651033,s3,0.00,449.00,449.00,449,0,0.00,2.00,2.00,2,0,0.00,0.00,0,0
1431651033,s2-eth2,1223755.00,27365.00,1251120.00,27365,1223755,415.00,414.00,829.00,414,415,0.00,0.00,0,0
1431651033,s2-eth1,27435.00,1223306.00,1250741.00,1223306,27435,415.00,413.00,828.00,413,415,0.00,0.00,0,0
1431651033,lo,1509.00,1509.00,3018.00,1509,1509,15.00,15.00,30.00,15,15,0.00,0.00,0,0
1431651033,s4,0.00,0.00,0.00,0,0,0.00,0.00,0.00,0,0,0.00,0.00,0,0
1431651033,s3-eth2,27365.00,1223755.00,1251120.00,1223755,27365,414.00,415.00,829.00,415,414,0.00,0.00,0,0
1431651033,s3-eth1,1223825.00,27258.00,1251083.00,27258,1223825,416.00,413.00,829.00,413,416,0.00,0.00,0,0
1431651033,total,3755462.00,3754667.00,7510129.00,3754667,3755462,2506.00,2503.00,5009.00,2503,2506,0.00,0.00,0,0
1431651034,s5,0.00,0.00,0.00,0,0,0.00,0.00,0.00,0,0,0.00,0.00,0,0
1431651034,s1,0.00,70.00,70.00,70,0,0.00,1.00,1.00,1,0,0.00,0.00,0,0
1431651034,eth0,0.00,0.00,0.00,0,0,0.00,0.00,0.00,0,0,0.00,0.00,0,0
1431651034,eth1,0.00,0.00,0.00,0,0,0.00,0.00,0.00,0,0,0.00,0.00,0,0
1431651034,s2,0.00,70.00,70.00,70,0,0.00,1.00,1.00,1,0,0.00,0.00,0,0
1431651034,s1-eth1,27398.00,1223306.00,1250704.00,1223306,27398,415.00,413.00,828.00,413,415,0.00,0.00,0,0
1431651034,s1-eth2,1223306.00,27328.00,1250634.00,27328,1223306,413.00,414.00,827.00,414,413,0.00,0.00,0,0
1431651034,s3,0.00,70.00,70.00,70,0,0.00,1.00,1.00,1,0,0.00,0.00,0,0
1431651034,s2-eth2,1223376.00,27328.00,1250704.00,27328,1223376,414.00,414.00,828.00,414,414,0.00,0.00,0,0
1431651034,s2-eth1,27328.00,1223306.00,1250634.00,1223306,27328,414.00,413.00,827.00,413,414,0.00,0.00,0,0
1431651034,lo,804.00,804.00,1608.00,804,804,9.00,9.00,18.00,9,9,0.00,0.00,0,0
1431651034,s4,0.00,0.00,0.00,0,0,0.00,0.00,0.00,0,0,0.00,0.00,0,0
1431651034,s3-eth2,27328.00,1223376.00,1250704.00,1223376,27328,414.00,414.00,828.00,414,414,0.00,0.00,0,0
1431651034,s3-eth1,1223718.00,27258.00,1250976.00,27258,1223718,415.00,413.00,828.00,413,415,0.00,0.00,0,0
1431651034,total,3753258.00,3752916.00,7506174.00,3752916,3753258,2494.00,2493.00,4987.00,2493,2494,0.00,0.00,0,0
1431651035,s5,0.00,0.00,0.00,0,0,0.00,0.00,0.00,0,0,0.00,0.00,0,0
1431651035,s1,0.00,0.00,0.00,0,0,0.00,0.00,0.00,0,0,0.00,0.00,0,0
1431651035,eth0,0.00,0.00,0.00,0,0,0.00,0.00,0.00,0,0,0.00,0.00,0,0
1431651035,eth1,0.00,0.00,0.00,0,0,0.00,0.00,0.00,0,0,0.00,0.00,0,0
1431651035,s2,0.00,0.00,0.00,0,0,0.00,0.00,0.00,0,0,0.00,0.00,0,0
1431651035,s1-eth1,27192.00,1220344.00,1247536.00,1220344,27192,412.00,412.00,824.00,412,412,0.00,0.00,0,0
1431651035,s1-eth2,1220344.00,27192.00,1247536.00,27192,1220344,412.00,412.00,824.00,412,412,0.00,0.00,0,0
1431651035,s3,0.00,0.00,0.00,0,0,0.00,0.00,0.00,0,0,0.00,0.00,0,0
1431651035,s2-eth2,1220344.00,27192.00,1247536.00,27192,1220344,412.00,412.00,824.00,412,412,0.00,0.00,0,0
1431651035,s2-eth1,27192.00,1220344.00,1247536.00,1220344,27192,412.00,412.00,824.00,412,412,0.00,0.00,0,0
1431651035,lo,0.00,0.00,0.00,0,0,0.00,0.00,0.00,0,0,0.00,0.00,0,0
1431651035,s4,0.00,0.00,0.00,0,0,0.00,0.00,0.00,0,0,0.00,0.00,0,0
1431651035,s3-eth2,27192.00,1220344.00,1247536.00,1220344,27192,412.00,412.00,824.00,412,412,0.00,0.00,0,0
1431651035,s3-eth1,1220344.00,27192.00,1247536.00,27192,1220344,412.00,412.00,824.00,412,412,0.00,0.00,0,0
1431651035,total,3742608.00,3742608.00,7485216.00,3742608,3742608,2472.00,2472.00,4944.00,2472,2472,0.00,0.00,0,0
1431651036,s5,0.00,0.00,0.00,0,0,0.00,0.00,0.00,0,0,0.00,0.00,0,0
1431651036,s1,0.00,342.00,342.00,342,0,0.00,1.00,1.00,1,0,0.00,0.00,0,0
1431651036,eth0,0.00,0.00,0.00,0,0,0.00,0.00,0.00,0,0,0.00,0.00,0,0
1431651036,eth1,0.00,0.00,0.00,0,0,0.00,0.00,0.00,0,0,0.00,0.00,0,0
1431651036,s2,0.00,0.00,0.00,0,0,0.00,0.00,0.00,0,0,0.00,0.00,0,0
1431651036,s1-eth1,27600.00,1223306.00,1250906.00,1223306,27600,414.00,413.00,827.00,413,414,0.00,0.00,0,0
1431651036,s1-eth2,1223306.00,27534.00,1250840.00,27534,1223306,413.00,413.00,826.00,413,413,0.00,0.00,0,0
1431651036,s3,0.00,0.00,0.00,0,0,0.00,0.00,0.00,0,0,0.00,0.00,0,0
1431651036,s2-eth2,1223306.00,27258.00,1250564.00,27258,1223306,413.00,413.00,826.00,413,413,0.00,0.00,0,0
1431651036,s2-eth1,27534.00,1223306.00,1250840.00,1223306,27534,413.00,413.00,826.00,413,413,0.00,0.00,0,0
1431651036,lo,670.00,670.00,1340.00,670,670,9.00,9.00,18.00,9,9,0.00,0.00,0,0
1431651036,s4,0.00,0.00,0.00,0,0,0.00,0.00,0.00,0,0,0.00,0.00,0,0
1431651036,s3-eth2,27258.00,1223306.00,1250564.00,1223306,27258,413.00,413.00,826.00,413,413,0.00,0.00,0,0
1431651036,s3-eth1,1223306.00,27192.00,1250498.00,27192,1223306,413.00,412.00,825.00,412,413,0.00,0.00,0,0
1431651036,total,3752980.00,3752914.00,7505894.00,3752914,3752980,2488.00,2487.00,4975.00,2487,2488,0.00,0.00,0,0
1431651037,s5,0.00,0.00,0.00,0,0,0.00,0.00,0.00,0,0,0.00,0.00,0,0
1431651037,s1,0.00,0.00,0.00,0,0,0.00,0.00,0.00,0,0,0.00,0.00,0,0
1431651037,eth0,0.00,0.00,0.00,0,0,0.00,0.00,0.00,0,0,0.00,0.00,0,0
1431651037,eth1,0.00,0.00,0.00,0,0,0.00,0.00,0.00,0,0,0.00,0.00,0,0
1431651037,s2,0.00,0.00,0.00,0,0,0.00,0.00,0.00,0,0,0.00,0.00,0,0
1431651037,s1-eth1,27258.00,1223306.00,1250564.00,1223306,27258,413.00,413.00,826.00,413,413,0.00,0.00,0,0
1431651037,s1-eth2,1223306.00,27258.00,1250564.00,27258,1223306,413.00,413.00,826.00,413,413,0.00,0.00,0,0
1431651037,s3,0.00,0.00,0.00,0,0,0.00,0.00,0.00,0,0,0.00,0.00,0,0
1431651037,s2-eth2,1223306.00,27258.00,1250564.00,27258,1223306,413.00,413.00,826.00,413,413,0.00,0.00,0,0
1431651037,s2-eth1,27258.00,1223306.00,1250564.00,1223306,27258,413.00,413.00,826.00,413,413,0.00,0.00,0,0
1431651037,lo,0.00,0.00,0.00,0,0,0.00,0.00,0.00,0,0,0.00,0.00,0,0
1431651037,s4,0.00,0.00,0.00,0,0,0.00,0.00,0.00,0,0,0.00,0.00,0,0
1431651037,s3-eth2,27258.00,1223306.00,1250564.00,1223306,27258,413.00,413.00,826.00,413,413,0.00,0.00,0,0
1431651037,s3-eth1,1223306.00,27258.00,1250564.00,27258,1223306,413.00,413.00,826.00,413,413,0.00,0.00,0,0
1431651037,total,3751692.00,3751692.00,7503384.00,3751692,3751692,2478.00,2478.00,4956.00,2478,2478,0.00,0.00,0,0
1431651038,s5,0.00,0.00,0.00,0,0,0.00,0.00,0.00,0,0,0.00,0.00,0,0
1431651038,s1,0.00,0.00,0.00,0,0,0.00,0.00,0.00,0,0,0.00,0.00,0,0
1431651038,eth0,0.00,0.00,0.00,0,0,0.00,0.00,0.00,0,0,0.00,0.00,0,0
1431651038,eth1,0.00,0.00,0.00,0,0,0.00,0.00,0.00,0,0,0.00,0.00,0,0
1431651038,s2,0.00,0.00,0.00,0,0,0.00,0.00,0.00,0,0,0.00,0.00,0,0
1431651038,s1-eth1,24684.00,1021260.00,1045944.00,1021260,24684,374.00,346.00,720.00,346,374,0.00,0.00,0,0
1431651038,s1-eth2,1053842.00,24684.00,1078526.00,24684,1053842,357.00,374.00,731.00,374,357,0.00,0.00,0,0
1431651038,s3,0.00,0.00,0.00,0,0,0.00,0.00,0.00,0,0,0.00,0.00,0,0
1431651038,s2-eth2,1074576.00,24618.00,1099194.00,24618,1074576,364.00,373.00,737.00,373,364,0.00,0.00,0,0
1431651038,s2-eth1,24684.00,1053842.00,1078526.00,1053842,24684,374.00,357.00,731.00,357,374,0.00,0.00,0,0
1431651038,lo,344.00,344.00,688.00,344,344,6.00,6.00,12.00,6,6,0.00,0.00,0,0
1431651038,s4,0.00,0.00,0.00,0,0,0.00,0.00,0.00,0,0,0.00,0.00,0,0
1431651038,s3-eth2,24618.00,1074576.00,1099194.00,1074576,24618,373.00,364.00,737.00,364,373,0.00,0.00,0,0
1431651038,s3-eth1,1098272.00,24618.00,1122890.00,24618,1098272,372.00,373.00,745.00,373,372,0.00,0.00,0,0
1431651038,total,3301020.00,3223942.00,6524962.00,3223942,3301020,2220.00,2193.00,4413.00,2193,2220,0.00,0.00,0,0
1431651039,s5,0.00,0.00,0.00,0,0,0.00,0.00,0.00,0,0,0.00,0.00,0,0
1431651039,s1,0.00,0.00,0.00,0,0,0.00,0.00,0.00,0,0,0.00,0.00,0,0
1431651039,eth0,0.00,0.00,0.00,0,0,0.00,0.00,0.00,0,0,0.00,0.00,0,0
1431651039,eth1,0.00,0.00,0.00,0,0,0.00,0.00,0.00,0,0,0.00,0.00,0,0
1431651039,s2,0.00,106.89,106.89,107,0,0.00,1.00,1.00,1,0,0.00,0.00,0,0
1431651039,s1-eth1,0.00,0.00,0.00,0,0,0.00,0.00,0.00,0,0,0.00,0.00,0,0
1431651039,s1-eth2,106.89,0.00,106.89,0,107,1.00,0.00,1.00,0,1,0.00,0.00,0,0
1431651039,s3,0.00,106.89,106.89,107,0,0.00,1.00,1.00,1,0,0.00,0.00,0,0
1431651039,s2-eth2,106.89,0.00,106.89,0,107,1.00,0.00,1.00,0,1,0.00,0.00,0,0
1431651039,s2-eth1,0.00,106.89,106.89,107,0,0.00,1.00,1.00,1,0,0.00,0.00,0,0
1431651039,lo,609.39,609.39,1218.78,610,610,5.99,5.99,11.99,6,6,0.00,0.00,0,0
1431651039,s4,0.00,0.00,0.00,0,0,0.00,0.00,0.00,0,0,0.00,0.00,0,0
1431651039,s3-eth2,0.00,106.89,106.89,107,0,0.00,1.00,1.00,1,0,0.00,0.00,0,0
1431651039,s3-eth1,106.89,0.00,106.89,0,107,1.00,0.00,1.00,0,1,0.00,0.00,0,0
1431651039,total,930.07,1036.96,1967.03,1038,931,8.99,9.99,18.98,10,9,0.00,0.00,0,0
1431651040,s5,0.00,0.00,0.00,0,0,0.00,0.00,0.00,0,0,0.00,0.00,0,0
1431651040,s1,0.00,449.00,449.00,449,0,0.00,2.00,2.00,2,0,0.00,0.00,0,0
1431651040,eth0,0.00,0.00,0.00,0,0,0.00,0.00,0.00,0,0,0.00,0.00,0,0
1431651040,eth1,0.00,0.00,0.00,0,0,0.00,0.00,0.00,0,0,0.00,0.00,0,0
1431651040,s2,0.00,684.00,684.00,684,0,0.00,2.00,2.00,2,0,0.00,0.00,0,0
1431651040,s1-eth1,791.00,0.00,791.00,0,791,3.00,0.00,3.00,0,3,0.00,0.00,0,0
1431651040,s1-eth2,342.00,449.00,791.00,449,342,1.00,2.00,3.00,2,1,0.00,0.00,0,0
1431651040,s3,0.00,342.00,342.00,342,0,0.00,1.00,1.00,1,0,0.00,0.00,0,0
1431651040,s2-eth2,342.00,342.00,684.00,342,342,1.00,1.00,2.00,1,1,0.00,0.00,0,0
1431651040,s2-eth1,449.00,342.00,791.00,342,449,2.00,1.00,3.00,1,2,0.00,0.00,0,0
1431651040,lo,1609.00,1609.00,3218.00,1609,1609,15.00,15.00,30.00,15,15,0.00,0.00,0,0
1431651040,s4,0.00,0.00,0.00,0,0,0.00,0.00,0.00,0,0,0.00,0.00,0,0
1431651040,s3-eth2,342.00,342.00,684.00,342,342,1.00,1.00,2.00,1,1,0.00,0.00,0,0
1431651040,s3-eth1,449.00,0.00,449.00,0,449,2.00,0.00,2.00,0,2,0.00,0.00,0,0
1431651040,total,4324.00,4559.00,8883.00,4559,4324,25.00,25.00,50.00,25,25,0.00,0.00,0,0
1431651041,s5,0.00,0.00,0.00,0,0,0.00,0.00,0.00,0,0,0.00,0.00,0,0
1431651041,s1,0.00,107.00,107.00,107,0,0.00,1.00,1.00,1,0,0.00,0.00,0,0
1431651041,eth0,0.00,0.00,0.00,0,0,0.00,0.00,0.00,0,0,0.00,0.00,0,0
1431651041,eth1,0.00,0.00,0.00,0,0,0.00,0.00,0.00,0,0,0.00,0.00,0,0
1431651041,s2,0.00,107.00,107.00,107,0,0.00,1.00,1.00,1,0,0.00,0.00,0,0
1431651041,s1-eth1,214.00,0.00,214.00,0,214,2.00,0.00,2.00,0,2,0.00,0.00,0,0
1431651041,s1-eth2,0.00,107.00,107.00,107,0,0.00,1.00,1.00,1,0,0.00,0.00,0,0
1431651041,s3,0.00,107.00,107.00,107,0,0.00,1.00,1.00,1,0,0.00,0.00,0,0
1431651041,s2-eth2,107.00,107.00,214.00,107,107,1.00,1.00,2.00,1,1,0.00,0.00,0,0
1431651041,s2-eth1,107.00,0.00,107.00,0,107,1.00,0.00,1.00,0,1,0.00,0.00,0,0
1431651041,lo,1259.00,1259.00,2518.00,1259,1259,15.00,15.00,30.00,15,15,0.00,0.00,0,0
1431651041,s4,0.00,0.00,0.00,0,0,0.00,0.00,0.00,0,0,0.00,0.00,0,0
1431651041,s3-eth2,107.00,107.00,214.00,107,107,1.00,1.00,2.00,1,1,0.00,0.00,0,0
1431651041,s3-eth1,107.00,0.00,107.00,0,107,1.00,0.00,1.00,0,1,0.00,0.00,0,0
1431651041,total,1901.00,1901.00,3802.00,1901,1901,21.00,21.00,42.00,21,21,0.00,0.00,0,0
1431651042,s5,0.00,0.00,0.00,0,0,0.00,0.00,0.00,0,0,0.00,0.00,0,0
1431651042,s1,0.00,0.00,0.00,0,0,0.00,0.00,0.00,0,0,0.00,0.00,0,0
1431651042,eth0,0.00,0.00,0.00,0,0,0.00,0.00,0.00,0,0,0.00,0.00,0,0
1431651042,eth1,0.00,0.00,0.00,0,0,0.00,0.00,0.00,0,0,0.00,0.00,0,0
1431651042,s2,0.00,0.00,0.00,0,0,0.00,0.00,0.00,0,0,0.00,0.00,0,0
1431651042,s1-eth1,0.00,0.00,0.00,0,0,0.00,0.00,0.00,0,0,0.00,0.00,0,0
1431651042,s1-eth2,0.00,0.00,0.00,0,0,0.00,0.00,0.00,0,0,0.00,0.00,0,0
1431651042,s3,0.00,342.00,342.00,342,0,0.00,1.00,1.00,1,0,0.00,0.00,0,0
1431651042,s2-eth2,342.00,0.00,342.00,0,342,1.00,0.00,1.00,0,1,0.00,0.00,0,0
1431651042,s2-eth1,0.00,0.00,0.00,0,0,0.00,0.00,0.00,0,0,0.00,0.00,0,0
1431651042,lo,326.00,326.00,652.00,326,326,3.00,3.00,6.00,3,3,0.00,0.00,0,0
1431651042,s4,0.00,0.00,0.00,0,0,0.00,0.00,0.00,0,0,0.00,0.00,0,0
1431651042,s3-eth2,0.00,342.00,342.00,342,0,0.00,1.00,1.00,1,0,0.00,0.00,0,0
1431651042,s3-eth1,342.00,0.00,342.00,0,342,1.00,0.00,1.00,0,1,0.00,0.00,0,0
1431651042,total,1010.00,1010.00,2020.00,1010,1010,5.00,5.00,10.00,5,5,0.00,0.00,0,0
1431651043,s5,0.00,0.00,0.00,0,0,0.00,0.00,0.00,0,0,0.00,0.00,0,0
1431651043,s1,0.00,0.00,0.00,0,0,0.00,0.00,0.00,0,0,0.00,0.00,0,0
1431651043,eth0,0.00,0.00,0.00,0,0,0.00,0.00,0.00,0,0,0.00,0.00,0,0
1431651043,eth1,0.00,0.00,0.00,0,0,0.00,0.00,0.00,0,0,0.00,0.00,0,0
1431651043,s2,0.00,0.00,0.00,0,0,0.00,0.00,0.00,0,0,0.00,0.00,0,0
1431651043,s1-eth1,0.00,0.00,0.00,0,0,0.00,0.00,0.00,0,0,0.00,0.00,0,0
1431651043,s1-eth2,0.00,0.00,0.00,0,0,0.00,0.00,0.00,0,0,0.00,0.00,0,0
1431651043,s3,0.00,0.00,0.00,0,0,0.00,0.00,0.00,0,0,0.00,0.00,0,0
1431651