1431580688,s5,0.00,0.00,0.00,0,0,0.00,0.00,0.00,0,0,0.00,0.00,0,0
1431580688,s1,0.00,0.00,0.00,0,0,0.00,0.00,0.00,0,0,0.00,0.00,0,0
1431580688,eth0,0.00,0.00,0.00,0,0,0.00,0.00,0.00,0,0,0.00,0.00,0,0
1431580688,eth1,0.00,0.00,0.00,0,0,0.00,0.00,0.00,0,0,0.00,0.00,0,0
1431580688,s2,0.00,0.00,0.00,0,0,0.00,0.00,0.00,0,0,0.00,0.00,0,0
1431580688,s1-eth2,0.00,0.00,0.00,0,0,0.00,0.00,0.00,0,0,0.00,0.00,0,0
1431580688,s1-eth1,0.00,0.00,0.00,0,0,0.00,0.00,0.00,0,0,0.00,0.00,0,0
1431580688,s3,0.00,0.00,0.00,0,0,0.00,0.00,0.00,0,0,0.00,0.00,0,0
1431580688,lo,0.00,0.00,0.00,0,0,0.00,0.00,0.00,0,0,0.00,0.00,0,0
1431580688,s4,0.00,0.00,0.00,0,0,0.00,0.00,0.00,0,0,0.00,0.00,0,0
1431580688,total,0.00,0.00,0.00,0,0,0.00,0.00,0.00,0,0,0.00,0.00,0,0
1431580689,s5,0.00,0.00,0.00,0,0,0.00,0.00,0.00,0,0,0.00,0.00,0,0
1431580689,s1,250.00,340.00,590.00,340,250,3.00,4.00,7.00,4,3,0.00,0.00,0,0
1431580689,eth0,304.00,490.00,794.00,490,304,4.00,4.00,8.00,4,4,0.00,0.00,0,0
1431580689,eth1,0.00,0.00,0.00,0,0,0.00,0.00,0.00,0,0,0.00,0.00,0,0
1431580689,s2,0.00,0.00,0.00,0,0,0.00,0.00,0.00,0,0,0.00,0.00,0,0
1431580689,s1-eth2,26266.00,1116924.00,1143190.00,1116924,26266,382.00,380.00,762.00,380,382,0.00,0.00,0,0
1431580689,s1-eth1,1107105.00,24708.00,1131813.00,24708,1107105,389.00,374.00,763.00,374,389,0.00,0.00,0,0
1431580689,s3,0.00,0.00,0.00,0,0,0.00,0.00,0.00,0,0,0.00,0.00,0,0
1431580689,lo,2658.00,2658.00,5316.00,2658,2658,29.00,29.00,58.00,29,29,0.00,0.00,0,0
1431580689,s4,0.00,0.00,0.00,0,0,0.00,0.00,0.00,0,0,0.00,0.00,0,0
1431580689,total,1136583.00,1145120.00,2281703.00,1145120,1136583,807.00,791.00,1598.00,791,807,0.00,0.00,0,0
1431580690,s5,0.00,0.00,0.00,0,0,0.00,0.00,0.00,0,0,0.00,0.00,0,0
1431580690,s1,0.00,0.00,0.00,0,0,0.00,0.00,0.00,0,0,0.00,0.00,0,0
1431580690,eth0,152.00,245.00,397.00,245,152,2.00,2.00,4.00,2,2,0.00,0.00,0,0
1431580690,eth1,0.00,0.00,0.00,0,0,0.00,0.00,0.00,0,0,0.00,0.00,0,0
1431580690,s2,0.00,0.00,0.00,0,0,0.00,0.00,0.00,0,0,0.00,0.00,0,0
1431580690,s1-eth2,26595.00,1181838.00,1208433.00,1181838,26595,399.00,399.00,798.00,399,399,0.00,0.00,0,0
1431580690,s1-eth1,1179839.00,26268.00,1206107.00,26268,1179839,402.00,398.00,800.00,398,402,0.00,0.00,0,0
1431580690,s3,0.00,0.00,0.00,0,0,0.00,0.00,0.00,0,0,0.00,0.00,0,0
1431580690,lo,341.00,341.00,682.00,341,341,4.00,4.00,8.00,4,4,0.00,0.00,0,0
1431580690,s4,0.00,0.00,0.00,0,0,0.00,0.00,0.00,0,0,0.00,0.00,0,0
1431580690,total,1206927.00,1208692.00,2415619.00,1208692,1206927,807.00,803.00,1610.00,803,807,0.00,0.00,0,0
1431580691,s5,0.00,0.00,0.00,0,0,0.00,0.00,0.00,0,0,0.00,0.00,0,0
1431580691,s1,0.00,0.00,0.00,0,0,0.00,0.00,0.00,0,0,0.00,0.00,0,0
1431580691,eth0,0.00,0.00,0.00,0,0,0.00,0.00,0.00,0,0,0.00,0.00,0,0
1431580691,eth1,0.00,0.00,0.00,0,0,0.00,0.00,0.00,0,0,0.00,0.00,0,0
1431580691,s2,0.00,0.00,0.00,0,0,0.00,0.00,0.00,0,0,0.00,0.00,0,0
1431580691,s1-eth2,26708.00,1181838.00,1208546.00,1181838,26708,401.00,399.00,800.00,399,401,0.00,0.00,0,0
1431580691,s1-eth1,1182165.00,26334.00,1208499.00,26334,1182165,400.00,399.00,799.00,399,400,0.00,0.00,0,0
1431580691,s3,0.00,0.00,0.00,0,0,0.00,0.00,0.00,0,0,0.00,0.00,0,0
1431580691,lo,0.00,0.00,0.00,0,0,0.00,0.00,0.00,0,0,0.00,0.00,0,0
1431580691,s4,0.00,0.00,0.00,0,0,0.00,0.00,0.00,0,0,0.00,0.00,0,0
1431580691,total,1208873.00,1208172.00,2417045.00,1208172,1208873,801.00,798.00,1599.00,798,801,0.00,0.00,0,0
1431580692,s5,0.00,0.00,0.00,0,0,0.00,0.00,0.00,0,0,0.00,0.00,0,0
1431580692,s1,0.00,70.00,70.00,70,0,0.00,1.00,1.00,1,0,0.00,0.00,0,0
1431580692,eth0,120.00,120.00,240.00,120,120,2.00,2.00,4.00,2,2,0.00,0.00,0,0
1431580692,eth1,0.00,0.00,0.00,0,0,0.00,0.00,0.00,0,0,0.00,0.00,0,0
1431580692,s2,0.00,0.00,0.00,0,0,0.00,0.00,0.00,0,0,0.00,0.00,0,0
1431580692,s1-eth2,26801.00,1187762.00,1214563.00,1187762,26801,402.00,401.00,803.00,401,402,0.00,0.00,0,0
1431580692,s1-eth1,1185174.00,26470.00,1211644.00,26470,1185174,402.00,401.00,803.00,401,402,0.00,0.00,0,0
1431580692,s3,0.00,0.00,0.00,0,0,0.00,0.00,0.00,0,0,0.00,0.00,0,0
1431580692,lo,268.00,268.00,536.00,268,268,3.00,3.00,6.00,3,3,0.00,0.00,0,0
1431580692,s4,0.00,0.00,0.00,0,0,0.00,0.00,0.00,0,0,0.00,0.00,0,0
1431580692,total,1212363.00,1214690.00,2427053.00,1214690,1212363,809.00,808.00,1617.00,808,809,0.00,0.00,0,0
1431580693,s5,0.00,0.00,0.00,0,0,0.00,0.00,0.00,0,0,0.00,0.00,0,0
1431580693,s1,70.00,70.00,140.00,70,70,1.00,1.00,2.00,1,1,0.00,0.00,0,0
1431580693,eth0,0.00,0.00,0.00,0,0,0.00,0.00,0.00,0,0,0.00,0.00,0,0
1431580693,eth1,0.00,0.00,0.00,0,0,0.00,0.00,0.00,0,0,0.00,0.00,0,0
1431580693,s2,0.00,0.00,0.00,0,0,0.00,0.00,0.00,0,0,0.00,0.00,0,0
1431580693,s1-eth2,26668.00,1193756.00,1220424.00,1193756,26668,404.00,404.00,808.00,404,404,0.00,0.00,0,0
1431580693,s1-eth1,1191603.00,26532.00,1218135.00,26532,1191603,407.00,402.00,809.00,402,407,0.00,0.00,0,0
1431580693,s3,0.00,0.00,0.00,0,0,0.00,0.00,0.00,0,0,0.00,0.00,0,0
1431580693,lo,1224.00,1224.00,2448.00,1224,1224,18.00,18.00,36.00,18,18,0.00,0.00,0,0
1431580693,s4,0.00,0.00,0.00,0,0,0.00,0.00,0.00,0,0,0.00,0.00,0,0
1431580693,total,1219565.00,1221582.00,2441147.00,1221582,1219565,830.00,825.00,1655.00,825,830,0.00,0.00,0,0
1431580694,s5,0.00,0.00,0.00,0,0,0.00,0.00,0.00,0,0,0.00,0.00,0,0
1431580694,s1,0.00,0.00,0.00,0,0,0.00,0.00,0.00,0,0,0.00,0.00,0,0
1431580694,eth0,0.00,0.00,0.00,0,0,0.00,0.00,0.00,0,0,0.00,0.00,0,0
1431580694,eth1,0.00,0.00,0.00,0,0,0.00,0.00,0.00,0,0,0.00,0.00,0,0
1431580694,s2,0.00,0.00,0.00,0,0,0.00,0.00,0.00,0,0,0.00,0.00,0,0
1431580694,s1-eth2,26796.00,1196648.00,1223444.00,1196648,26796,406.00,404.00,810.00,404,406,0.00,0.00,0,0
1431580694,s1-eth1,1199610.00,26796.00,1226406.00,26796,1199610,405.00,406.00,811.00,406,405,0.00,0.00,0,0
1431580694,s3,0.00,0.00,0.00,0,0,0.00,0.00,0.00,0,0,0.00,0.00,0,0
1431580694,lo,0.00,0.00,0.00,0,0,0.00,0.00,0.00,0,0,0.00,0.00,0,0
1431580694,s4,0.00,0.00,0.00,0,0,0.00,0.00,0.00,0,0,0.00,0.00,0,0
1431580694,total,1226406.00,1223444.00,2449850.00,1223444,1226406,811.00,810.00,1621.00,810,811,0.00,0.00,0,0
1431580695,s5,0.00,0.00,0.00,0,0,0.00,0.00,0.00,0,0,0.00,0.00,0,0
1431580695,s1,0.00,0.00,0.00,0,0,0.00,0.00,0.00,0,0,0.00,0.00,0,0
1431580695,eth0,0.00,0.00,0.00,0,0,0.00,0.00,0.00,0,0,0.00,0.00,0,0
1431580695,eth1,0.00,0.00,0.00,0,0,0.00,0.00,0.00,0,0,0.00,0.00,0,0
1431580695,s2,0.00,0.00,0.00,0,0,0.00,0.00,0.00,0,0,0.00,0.00,0,0
1431580695,s1-eth2,25572.28,1151724.88,1177297.12,1155180,25649,386.84,388.83,775.67,390,388,0.00,0.00,0,0
1431580695,s1-eth1,1148771.75,25531.41,1174303.12,25608,1152218,387.84,386.84,774.68,388,389,0.00,0.00,0,0
1431580695,s3,0.00,0.00,0.00,0,0,0.00,0.00,0.00,0,0,0.00,0.00,0,0
1431580695,lo,0.00,0.00,0.00,0,0,0.00,0.00,0.00,0,0,0.00,0.00,0,0
1431580695,s4,0.00,0.00,0.00,0,0,0.00,0.00,0.00,0,0,0.00,0.00,0,0
1431580695,total,1174344.00,1177256.25,2351600.25,1180788,1177867,774.68,775.67,1550.35,778,777,0.00,0.00,0,0
1431580696,s5,0.00,0.00,0.00,0,0,0.00,0.00,0.00,0,0,0.00,0.00,0,0
1431580696,s1,0.00,70.00,70.00,70,0,0.00,1.00,1.00,1,0,0.00,0.00,0,0
1431580696,eth0,60.00,60.00,120.00,60,60,1.00,1.00,2.00,1,1,0.00,0.00,0,0
1431580696,eth1,0.00,0.00,0.00,0,0,0.00,0.00,0.00,0,0,0.00,0.00,0,0
1431580696,s2,0.00,0.00,0.00,0,0,0.00,0.00,0.00,0,0,0.00,0.00,0,0
1431580696,s1-eth2,24824.00,1104826.00,1129650.00,1104826,24824,376.00,373.00,749.00,373,376,0.00,0.00,0,0
1431580696,s1-eth1,1104933.00,24754.00,1129687.00,24754,1104933,374.00,375.00,749.00,375,374,0.00,0.00,0,0
1431580696,s3,0.00,0.00,0.00,0,0,0.00,0.00,0.00,0,0,0.00,0.00,0,0
1431580696,lo,268.00,268.00,536.00,268,268,3.00,3.00,6.00,3,3,0.00,0.00,0,0
1431580696,s4,0.00,0.00,0.00,0,0,0.00,0.00,0.00,0,0,0.00,0.00,0,0
1431580696,total,1130085.00,1129978.00,2260063.00,1129978,1130085,754.00,753.00,1507.00,753,754,0.00,0.00,0,0
1431580697,s5,0.00,0.00,0.00,0,0,0.00,0.00,0.00,0,0,0.00,0.00,0,0
1431580697,s1,70.00,70.00,140.00,70,70,1.00,1.00,2.00,1,1,0.00,0.00,0,0
1431580697,eth0,205.00,180.00,385.00,180,205,3.00,3.00,6.00,3,3,0.00,0.00,0,0
1431580697,eth1,0.00,0.00,0.00,0,0,0.00,0.00,0.00,0,0,0.00,0.00,0,0
1431580697,s2,0.00,0.00,0.00,0,0,0.00,0.00,0.00,0,0,0.00,0.00,0,0
1431580697,s1-eth2,27010.00,1190794.00,1217804.00,1190794,27010,405.00,403.00,808.00,403,405,0.00,0.00,0,0
1431580697,s1-eth1,1193896.00,26532.00,1220428.00,26532,1193896,406.00,402.00,808.00,402,406,0.00,0.00,0,0
1431580697,s3,0.00,0.00,0.00,0,0,0.00,0.00,0.00,0,0,0.00,0.00,0,0
1431580697,lo,536.00,536.00,1072.00,536,536,6.00,6.00,12.00,6,6,0.00,0.00,0,0
1431580697,s4,0.00,0.00,0.00,0,0,0.00,0.00,0.00,0,0,0.00,0.00,0,0
1431580697,total,1221717.00,1218112.00,2439829.00,1218112,1221717,821.00,815.00,1636.00,815,821,0.00,0.00,0,0
1431580698,s5,0.00,0.00,0.00,0,0,0.00,0.00,0.00,0,0,0.00,0.00,0,0
1431580698,s1,0.00,0.00,0.00,0,0,0.00,0.00,0.00,0,0,0.00,0.00,0,0
1431580698,eth0,60.00,60.00,120.00,60,60,1.00,1.00,2.00,1,1,0.00,0.00,0,0
1431580698,eth1,0.00,0.00,0.00,0,0,0.00,0.00,0.00,0,0,0.00,0.00,0,0
1431580698,s2,0.00,0.00,0.00,0,0,0.00,0.00,0.00,0,0,0.00,0.00,0,0
1431580698,s1-eth2,26664.00,1206664.00,1233328.00,1206664,26664,404.00,468.00,872.00,468,404,0.00,0.00,0,0
1431580698,s1-eth1,1200740.00,26730.00,1227470.00,26730,1200740,466.00,405.00,871.00,405,466,0.00,0.00,0,0
1431580698,s3,0.00,0.00,0.00,0,0,0.00,0.00,0.00,0,0,0.00,0.00,0,0
1431580698,lo,688.00,688.00,1376.00,688,688,12.00,12.00,24.00,12,12,0.00,0.00,0,0
1431580698,s4,0.00,0.00,0.00,0,0,0.00,0.00,0.00,0,0,0.00,0.00,0,0
1431580698,total,1228152.00,1234142.00,2462294.00,1234142,1228152,883.00,886.00,1769.00,886,883,0.00,0.00,0,0
1431580699,s5,0.00,0.00,0.00,0,0,0.00,0.00,0.00,0,0,0.00,0.00,0,0
1431580699,s1,0.00,0.00,0.00,0,0,0.00,0.00,0.00,0,0,0.00,0.00,0,0
1431580699,eth0,0.00,0.00,0.00,0,0,0.00,0.00,0.00,0,0,0.00,0.00,0,0
1431580699,eth1,0.00,0.00,0.00,0,0,0.00,0.00,0.00,0,0,0.00,0.00,0,0
1431580699,s2,0.00,0.00,0.00,0,0,0.00,0.00,0.00,0,0,0.00,0.00,0,0
1431580699,s1-eth2,26400.00,1184800.00,1211200.00,1184800,26400,400.00,400.00,800.00,400,400,0.00,0.00,0,0
1431580699,s1-eth1,1184800.00,26400.00,1211200.00,26400,1184800,400.00,400.00,800.00,400,400,0.00,0.00,0,0
1431580699,s3,0.00,0.00,0.00,0,0,0.00,0.00,0.00,0,0,0.00,0.00,0,0
1431580699,lo,0.00,0.00,0.00,0,0,0.00,0.00,0.00,0,0,0.00,0.00,0,0
1431580699,s4,0.00,0.00,0.00,0,0,0.00,0.00,0.00,0,0,0.00,0.00,0,0
1431580699,total,1211200.00,1211200.00,2422400.00,1211200,1211200,800.00,800.00,1600.00,800,800,0.00,0.00,0,0
1431580700,s5,0.00,0.00,0.00,0,0,0.00,0.00,0.00,0,0,0.00,0.00,0,0
1431580700,s1,0.00,0.00,0.00,0,0,0.00,0.00,0.00,0,0,0.00,0.00,0,0
1431580700,eth0,304.00,490.00,794.00,490,304,4.00,4.00,8.00,4,4,0.00,0.00,0,0
1431580700,eth1,530.00,0.00,530.00,0,530,3.00,0.00,3.00,0,3,0.00,0.00,0,0
1431580700,s2,0.00,0.00,0.00,0,0,0.00,0.00,0.00,0,0,0.00,0.00,0,0
1431580700,s1-eth2,26268.00,1175914.00,1202182.00,1175914,26268,398.00,397.00,795.00,397,398,0.00,0.00,0,0
1431580700,s1-eth1,1178876.00,26202.00,1205078.00,26202,1178876,398.00,397.00,795.00,397,398,0.00,0.00,0,0
1431580700,s3,0.00,0.00,0.00,0,0,0.00,0.00,0.00,0,0,0.00,0.00,0,0
1431580700,lo,682.00,682.00,1364.00,682,682,8.00,8.00,16.00,8,8,0.00,0.00,0,0
1431580700,s4,0.00,0.00,0.00,0,0,0.00,0.00,0.00,0,0,0.00,0.00,0,0
1431580700,total,1206660.00,1203288.00,2409948.00,1203288,1206660,811.00,806.00,1617.00,806,811,0.00,0.00,0,0
1431580701,s5,0.00,0.00,0.00,0,0,0.00,0.00,0.00,0,0,0.00,0.00,0,0
1431580701,s1,0.00,0.00,0.00,0,0,0.00,0.00,0.00,0,0,0.00,0.00,0,0
1431580701,eth0,304.00,490.00,794.00,490,304,4.00,4.00,8.00,4,4,0.00,0.00,0,0
1431580701,eth1,467.00,0.00,467.00,0,467,5.00,0.00,5.00,0,5,0.00,0.00,0,0
1431580701,s2,0.00,0.00,0.00,0,0,0.00,0.00,0.00,0,0,0.00,0.00,0,0
1431580701,s1-eth2,26730.00,1199610.00,1226340.00,1199610,26730,405.00,405.00,810.00,405,405,0.00,0.00,0,0
1431580701,s1-eth1,1196990.00,26730.00,1223720.00,26730,1196990,405.00,405.00,810.00,405,405,0.00,0.00,0,0
1431580701,s3,0.00,0.00,0.00,0,0,0.00,0.00,0.00,0,0,0.00,0.00,0,0
1431580701,lo,682.00,682.00,1364.00,682,682,8.00,8.00,16.00,8,8,0.00,0.00,0,0
1431580701,s4,0.00,0.00,0.00,0,0,0.00,0.00,0.00,0,0,0.00,0.00,0,0
1431580701,total,1225173.00,1227512.00,2452685.00,1227512,1225173,827.00,822.00,1649.00,822,827,0.00,0.00,0,0
1431580702,s5,0.00,0.00,0.00,0,0,0.00,0.00,0.00,0,0,0.00,0.00,0,0
1431580702,s1,0.00,0.00,0.00,0,0,0.00,0.00,0.00,0,0,0.00,0.00,0,0
1431580702,eth0,151.39,244.02,395.42,245,152,1.99,1.99,3.98,2,2,0.00,0.00,0,0
1431580702,eth1,2184.89,0.00,2184.89,0,2198,8.95,0.00,8.95,0,9,0.00,0.00,0,0
1431580702,s2,0.00,0.00,0.00,0,0,0.00,0.00,0.00,0,0,0.00,0.00,0,0
1431580702,s1-eth2,25586.48,1157123.25,1182709.75,1164066,25740,387.67,390.66,778.33,393,390,0.00,0.00,0,0
1431580702,s1-eth1,1157123.25,25717.69,1182841.00,25872,1164066,390.66,389.66,780.32,392,393,0.00,0.00,0,0
1431580702,s3,0.00,0.00,0.00,0,0,0.00,0.00,0.00,0,0,0.00,0.00,0,0
1431580702,lo,509.94,509.94,1019.88,513,513,6.96,6.96,13.92,7,7,0.00,0.00,0,0
1431580702,s4,0.00,0.00,0.00,0,0,0.00,0.00,0.00,0,0,0.00,0.00,0,0
1431580702,total,1184378.38,1182419.12,2366797.50,1190696,1192669,795.43,788.48,1583.91,794,801,0.00,0.00,0,0
1431580703,s5,0.00,0.00,0.00,0,0,0.00,0.00,0.00,0,0,0.00,0.00,0,0
1431580703,s1,0.00,0.00,0.00,0,0,0.00,0.00,0.00,0,0,0.00,0.00,0,0
1431580703,eth0,0.00,0.00,0.00,0,0,0.00,0.00,0.00,0,0,0.00,0.00,0,0
1431580703,eth1,266.73,0.00,266.73,0,267,1.00,0.00,1.00,0,1,0.00,0.00,0,0
1431580703,s2,0.00,0.00,0.00,0,0,0.00,0.00,0.00,0,0,0.00,0.00,0,0
1431580703,s1-eth2,25466.07,1135137.75,1160603.88,1137408,25517,385.23,383.23,768.46,384,386,0.00,0.00,0,0
1431580703,s1-eth1,1132181.62,25293.41,1157475.12,25344,1134446,382.24,383.23,765.47,384,383,0.00,0.00,0,0
1431580703,s3,0.00,0.00,0.00,0,0,0.00,0.00,0.00,0,0,0.00,0.00,0,0
1431580703,lo,686.63,686.63,1373.25,688,688,11.98,11.98,23.95,12,12,0.00,0.00,0,0
1431580703,s4,0.00,0.00,0.00,0,0,0.00,0.00,0.00,0,0,0.00,0.00,0,0
1431580703,total,1159758.25,1162277.75,2322036.00,1163440,1160918,781.22,779.22,1560.44,780,782,0.00,0.00,0,0
1431580704,s5,0.00,0.00,0.00,0,0,0.00,0.00,0.00,0,0,0.00,0.00,0,0
1431580704,s1,0.00,0.00,0.00,0,0,0.00,0.00,0.00,0,0,0.00,0.00,0,0
1431580704,eth0,0.00,0.00,0.00,0,0,0.00,0.00,0.00,0,0,0.00,0.00,0,0
1431580704,eth1,434.00,0.00,434.00,0,434,2.00,0.00,2.00,0,2,0.00,0.00,0,0
1431580704,s2,0.00,0.00,0.00,0,0,0.00,0.00,0.00,0,0,0.00,0.00,0,0
1431580704,s1-eth2,24630.00,1090016.00,1114646.00,1090016,24630,369.00,368.00,737.00,368,369,0.00,0.00,0,0
1431580704,s1-eth1,1090123.00,24288.00,1114411.00,24288,1090123,369.00,368.00,737.00,368,369,0.00,0.00,0,0
1431580704,s3,0.00,0.00,0.00,0,0,0.00,0.00,0.00,0,0,0.00,0.00,0,0
1431580704,lo,0.00,0.00,0.00,0,0,0.00,0.00,0.00,0,0,0.00,0.00,0,0
1431580704,s4,0.00,0.00,0.00,0,0,0.00,0.00,0.00,0,0,0.00,0.00,0,0
1431580704,total,1115187.00,1114304.00,2229491.00,1114304,1115187,740.00,736.00,1476.00,736,740,0.00,0.00,0,0
1431580705,s5,0.00,0.00,0.00,0,0,0.00,0.00,0.00,0,0,0.00,0.00,0,0
1431580705,s1,0.00,0.00,0.00,0,0,0.00,0.00,0.00,0,0,0.00,0.00,0,0
1431580705,eth0,0.00,0.00,0.00,0,0,0.00,0.00,0.00,0,0,0.00,0.00,0,0
1431580705,eth1,337.00,0.00,337.00,0,337,2.00,0.00,2.00,0,2,0.00,0.00,0,0
1431580705,s2,0.00,0.00,0.00,0,0,0.00,0.00,0.00,0,0,0.00,0.00,0,0
1431580705,s1-eth2,25344.00,1137408.00,1162752.00,1137408,25344,384.00,384.00,768.00,384,384,0.00,0.00,0,0
1431580705,s1-eth1,1137408.00,25278.00,1162686.00,25278,1137408,384.00,383.00,767.00,383,384,0.00,0.00,0,0
1431580705,s3,0.00,0.00,0.00,0,0,0.00,0.00,0.00,0,0,0.00,0.00,0,0
1431580705,lo,0.00,0.00,0.00,0,0,0.00,0.00,0.00,0,0,0.00,0.00,0,0
1431580705,s4,0.00,0.00,0.00,0,0,0.00,0.00,0.00,0,0,0.00,0.00,0,0
1431580705,total,1163089.00,1162686.00,2325775.00,1162686,1163089,770.00,767.00,1537.00,767,770,0.00,0.00,0,0
1431580706,s5,0.00,0.00,0.00,0,0,0.00,0.00,0.00,0,0,0.00,0.00,0,0
1431580706,s1,0.00,0.00,0.00,0,0,0.00,0.00,0.00,0,0,0.00,0.00,0,0
1431580706,eth0,0.00,0.00,0.00,0,0,0.00,0.00,0.00,0,0,0.00,0.00,0,0
1431580706,eth1,326.67,0.00,326.67,0,327,1.00,0.00,1.00,0,1,0.00,0.00,0,0
1431580706,s2,0.00,0.00,0.00,0,0,0.00,0.00,0.00,0,0,0.00,0.00,0,0
1431580706,s1-eth2,26307.69,1183616.38,1209924.12,1184800,26334,398.60,399.60,798.20,400,399,0.00,0.00,0,0
1431580706,s1-eth1,1180657.38,26307.69,1206965.12,26334,1181838,398.60,398.60,797.20,399,399,0.00,0.00,0,0
1431580706,s3,0.00,0.00,0.00,0,0,0.00,0.00,0.00,0,0,0.00,0.00,0,0
1431580706,lo,0.00,0.00,0.00,0,0,0.00,0.00,0.00,0,0,0.00,0.00,0,0
1431580706,s4,0.00,0.00,0.00,0,0,0.00,0.00,0.00,0,0,0.00,0.00,0,0
1431580706,total,1207291.75,1209924.12,2417215.75,1211134,1208499,798.20,798.20,1596.40,799,799,0.00,0.00,0,0
1431580707,s5,0.00,0.00,0.00,0,0,0.00,0.00,0.00,0,0,0.00,0.00,0,0
1431580707,s1,0.00,0.00,0.00,0,0,0.00,0.00,0.00,0,0,0.00,0.00,0,0
1431580707,eth0,0.00,0.00,0.00,0,0,0.00,0.00,0.00,0,0,0.00,0.00,0,0
1431580707,eth1,0.00,0.00,0.00,0,0,0.00,0.00,0.00,0,0,0.00,0.00,0,0
1431580707,s2,0.00,0.00,0.00,0,0,0.00,0.00,0.00,0,0,0.00,0.00,0,0
1431580707,s1-eth2,26334.00,1181838.00,1208172.00,1181838,26334,399.00,399.00,798.00,399,399,0.00,0.00,0,0
1431580707,s1-eth1,1181838.00,26400.00,1208238.00,26400,1181838,399.00,400.00,799.00,400,399,0.00,0.00,0,0
1431580707,s3,0.00,0.00,0.00,0,0,0.00,0.00,0.00,0,0,0.00,0.00,0,0
1431580707,lo,172.00,172.00,344.00,172,172,3.00,3.00,6.00,3,3,0.00,0.00,0,0
1431580707,s4,0.00,0.00,0.00,0,0,0.00,0.00,0.00,0,0,0.00,0.00,0,0
1431580707,total,1208344.00,1208410.00,2416754.00,1208410,1208344,801.00,802.00,1603.00,802,801,0.00,0.00,0,0
1431580708,s5,0.00,0.00,0.00,0,0,0.00,0.00,0.00,0,0,0.00,0.00,0,0
1431580708,s1,0.00,0.00,0.00,0,0,0.00,0.00,0.00,0,0,0.00,0.00,0,0
1431580708,eth0,0.00,0.00,0.00,0,0,0.00,0.00,0.00,0,0,0.00,0.00,0,0
1431580708,eth1,107.00,0.00,107.00,0,107,1.00,0.00,1.00,0,1,0.00,0.00,0,0
1431580708,s2,0.00,0.00,0.00,0,0,0.00,0.00,0.00,0,0,0.00,0.00,0,0
1431580708,s1-eth2,25806.00,1161904.00,1187710.00,1161904,25806,391.00,448.00,839.00,448,391,0.00,0.00,0,0
1431580708,s1-eth1,1161508.00,25806.00,1187314.00,25806,1161508,442.00,391.00,833.00,391,442,0.00,0.00,0,0
1431580708,s3,0.00,0.00,0.00,0,0,0.00,0.00,0.00,0,0,0.00,0.00,0,0
1431580708,lo,688.00,688.00,1376.00,688,688,12.00,12.00,24.00,12,12,0.00,0.00,0,0
1431580708,s4,0.00,0.00,0.00,0,0,0.00,0.00,0.00,0,0,0.00,0.00,0,0
1431580708,total,1188109.00,1188398.00,2376507.00,1188398,1188109,846.00,851.00,1697.00,851,846,0.00,0.00,0,0
1431580709,s5,0.00,0.00,0.00,0,0,0.00,0.00,0.00,0,0,0.00,0.00,0,0
1431580709,s1,0.00,0.00,0.00,0,0,0.00,0.00,0.00,0,0,0.00,0.00,0,0
1431580709,eth0,0.00,0.00,0.00,0,0,0.00,0.00,0.00,0,0,0.00,0.00,0,0
1431580709,eth1,411.18,0.00,411.18,0,412,2.00,0.00,2.00,0,2,0.00,0.00,0,0
1431580709,s2,0.00,0.00,0.00,0,0,0.00,0.00,0.00,0,0,0.00,0.00,0,0
1431580709,s1-eth2,24305.39,1094345.38,1118650.75,1096534,24354,368.26,378.24,746.51,379,369,0.00,0.00,0,0
1431580709,s1-eth1,1094740.50,24305.39,1119046.00,24354,1096930,384.23,368.26,752.50,369,385,0.00,0.00,0,0
1431580709,s3,0.00,0.00,0.00,0,0,0.00,0.00,0.00,0,0,0.00,0.00,0,0
1431580709,lo,0.00,0.00,0.00,0,0,0.00,0.00,0.00,0,0,0.00,0.00,0,0
1431580709,s4,0.00,0.00,0.00,0,0,0.00,0.00,0.00,0,0,0.00,0.00,0,0
1431580709,total,1119457.12,1118650.75,2238107.75,1120888,1121696,754.49,746.51,1501.00,748,756,0.00,0.00,0,0
1431580710,s5,0.00,0.00,0.00,0,0,0.00,0.00,0.00,0,0,0.00,0.00,0,0
1431580710,s1,0.00,0.00,0.00,0,0,0.00,0.00,0.00,0,0,0.00,0.00,0,0
1431580710,eth0,0.00,0.00,0.00,0,0,0.00,0.00,0.00,0,0,0.00,0.00,0,0
1431580710,eth1,0.00,0.00,0.00,0,0,0.00,0.00,0.00,0,0,0.00,0.00,0,0
1431580710,s2,0.00,0.00,0.00,0,0,0.00,0.00,0.00,0,0,0.00,0.00,0,0
1431580710,s1-eth2,24173.65,1084884.25,1109057.88,1087054,24222,366.27,366.27,732.53,367,367,0.00,0.00,0,0
1431580710,s1-eth1,1084884.25,24173.65,1109057.88,24222,1087054,366.27,366.27,732.53,367,367,0.00,0.00,0,0
1431580710,s3,0.00,0.00,0.00,0,0,0.00,0.00,0.00,0,0,0.00,0.00,0,0
1431580710,lo,0.00,0.00,0.00,0,0,0.00,0.00,0.00,0,0,0.00,0.00,0,0
1431580710,s4,0.00,0.00,0.00,0,0,0.00,0.00,0.00,0,0,0.00,0.00,0,0
1431580710,total,1109057.88,1109057.88,2218115.75,1111276,1111276,732.53,732.53,1465.07,734,734,0.00,0.00,0,0
1431580711,s5,0.00,0.00,0.00,0,0,0.00,0.00,0.00,0,0,0.00,0.00,0,0
1431580711,s1,0.00,0.00,0.00,0,0,0.00,0.00,0.00,0,0,0.00,0.00,0,0
1431580711,eth0,0.00,0.00,0.00,0,0,0.00,0.00,0.00,0,0,0.00,0.00,0,0
1431580711,eth1,0.00,0.00,0.00,0,0,0.00,0.00,0.00,0,0,0.00,0.00,0,0
1431580711,s2,0.00,0.00,0.00,0,0,0.00,0.00,0.00,0,0,0.00,0.00,0,0
1431580711,s1-eth2,25740.00,1155180.00,1180920.00,1155180,25740,390.00,390.00,780.00,390,390,0.00,0.00,0,0
1431580711,s1-eth1,1155180.00,25740.00,1180920.00,25740,1155180,390.00,390.00,780.00,390,390,0.00,0.00,0,0
1431580711,s3,0.00,0.00,0.00,0,0,0.00,0.00,0.00,0,0,0.00,0.00,0,0
1431580711,lo,0.00,0.00,0.00,0,0,0.00,0.00,0.00,0,0,0.00,0.00,0,0
1431580711,s4,0.00,0.00,0.00,0,0,0.00,0.00,0.00,0,0,0.00,0.00,0,0
1431580711,total,1180920.00,1180920.00,2361840.00,1180920,1180920,780.00,780.00,1560.00,780,780,0.00,0.00,0,0
1431580712,s5,0.00,0.00,0.00,0,0,0.00,0.00,0.00,0,0,0.00,0.00,0,0
1431580712,s1,0.00,0.00,0.00,0,0,0.00,0.00,0.00,0,0,0.00,0.00,0,0
1431580712,eth0,0.00,0.00,0.00,0,0,0.00,0.00,0.00,0,0,0.00,0.00,0,0
1431580712,eth1,0.00,0.00,0.00,0,0,0.00,0.00,0.00,0,0,0.00,0.00,0,0
1431580712,s2,0.00,0.00,0.00,0,0,0.00,0.00,0.00,0,0,0.00,0.00,0,0
1431580712,s1-eth2,25938.00,1161104.00,1187042.00,1161104,25938,393.00,392.00,785.00,392,393,0.00,0.00,0,0
1431580712,s1-eth1,1164066.00,25938.00,1190004.00,25938,1164066,393.00,393.00,786.00,393,393,0.00,0.00,0,0
1431580712,s3,0.00,0.00,0.00,0,0,0.00,0.00,0.00,0,0,0.00,0.00,0,0
1431580712,lo,172.00,172.00,344.00,172,172,3.00,3.00,6.00,3,3,0.00,0.00,0,0
1431580712,s4,0.00,0.00,0.00,0,0,0.00,0.00,0.00,0,0,0.00,0.00,0,0
1431580712,total,1190176.00,1187214.00,2377390.00,1187214,1190176,789.00,788.00,1577.00,788,789,0.00,0.00,0,0
1431580713,s5,0.00,0.00,0.00,0,0,0.00,0.00,0.00,0,0,0.00,0.00,0,0
1431580713,s1,0.00,0.00,0.00,0,0,0.00,0.00,0.00,0,0,0.00,0.00,0,0
1431580713,eth0,0.00,0.00,0.00,0,0,0.00,0.00,0.00,0,0,0.00,0.00,0,0
1431580713,eth1,0.00,0.00,0.00,0,0,0.00,0.00,0.00,0,0,0.00,0.00,0,0
1431580713,s2,0.00,0.00,0.00,0,0,0.00,0.00,0.00,0,0,0.00,0.00,0,0
1431580713,s1-eth2,26598.00,1193686.00,1220284.00,1193686,26598,403.00,403.00,806.00,403,403,0.00,0.00,0,0
1431580713,s1-eth1,1193686.00,26598.00,1220284.00,26598,1193686,403.00,403.00,806.00,403,403,0.00,0.00,0,0
1431580713,s3,0.00,0.00,0.00,0,0,0.00,0.00,0.00,0,0,0.00,0.00,0,0
1431580713,lo,688.00,688.00,1376.00,688,688,12.00,12.00,24.00,12,12,0.00,0.00,0,0
1431580713,s4,0.00,0.00,0.00,0,0,0.00,0.00,0.00,0,0,0.00,0.00,0,0
1431580713,total,1220972.00,1220972.00,2441944.00,1220972,1220972,818.00,818.00,1636.00,818,818,0.00,0.00,0,0
1431580714,s5,0.00,0.00,0.00,0,0,0.00,0.00,0.00,0,0,0.00,0.00,0,0
1431580714,s1,0.00,0.00,0.00,0,0,0.00,0.00,0.00,0,0,0.00,0.00,0,0
1431580714,eth0,0.00,0.00,0.00,0,0,0.00,0.00,0.00,0,0,0.00,0.00,0,0
1431580714,eth1,0.00,0.00,0.00,0,0,0.00,0.00,0.00,0,0,0.00,0.00,0,0
1431580714,s2,0.00,0.00,0.00,0,0,0.00,0.00,0.00,0,0,0.00,0.00,0,0
1431580714,s1-eth2,26202.00,1172952.00,1199154.00,1172952,26202,397.00,396.00,793.00,396,397,0.00,0.00,0,0
1431580714,s1-eth1,1169990.00,26136.00,1196126.00,26136,1169990,395.00,396.00,791.00,396,395,0.00,0.00,0,0
1431580714,s3,0.00,0.00,0.00,0,0,0.00,0.00,0.00,0,0,0.00,0.00,0,0
1431580714,lo,0.00,0.00,0.00,0,0,0.00,0.00,0.00,0,0,0.00,0.00,0,0
1431580714,s4,0.00,0.00,0.00,0,0,0.00,0.00,0.00,0,0,0.00,0.00,0,0
1431580714,total,1196192.00,1199088.00,2395280.00,1199088,1196192,792.00,792.00,1584.00,792,792,0.00,0.00,0,0
1431580715,s5,0.00,0.00,0.00,0,0,0.00,0.00,0.00,0,0,0.00,0.00,0,0
1431580715,s1,0.00,0.00,0.00,0,0,0.00,0.00,0.00,0,0,0.00,0.00,0,0
1431580715,eth0,0.00,0.00,0.00,0,0,0.00,0.00,0.00,0,0,0.00,0.00,0,0
1431580715,eth1,0.00,0.00,0.00,0,0,0.00,0.00,0.00,0,0,0.00,0.00,0,0
1431580715,s2,0.00,0.00,0.00,0,0,0.00,0.00,0.00,0,0,0.00,0.00,0,0
1431580715,s1-eth2,26334.00,1184800.00,1211134.00,1184800,26334,399.00,400.00,799.00,400,399,0.00,0.00,0,0
1431580715,s1-eth1,1185142.00,26334.00,1211476.00,26334,1185142,401.00,399.00,800.00,399,401,0.00,0.00,0,0
1431580715,s3,0.00,0.00,0.00,0,0,0.00,0.00,0.00,0,0,0.00,0.00,0,0
1431580715,lo,0.00,0.00,0.00,0,0,0.00,0.00,0.00,0,0,0.00,0.00,0,0
1431580715,s4,0.00,0.00,0.00,0,0,0.00,0.00,0.00,0,0,0.00,0.00,0,0
1431580715,total,1211476.00,1211134.00,2422610.00,1211134,1211476,800.00,799.00,1599.00,799,800,0.00,0.00,0,0
1431580716,s5,0.00,0.00,0.00,0,0,0.00,0.00,0.00,0,0,0.00,0.00,0,0
1431580716,s1,0.00,0.00,0.00,0,0,0.00,0.00,0.00,0,0,0.00,0.00,0,0
1431580716,eth0,0.00,0.00,0.00,0,0,0.00,0.00,0.00,0,0,0.00,0.00,0,0
1431580716,eth1,107.00,0.00,107.00,0,107,1.00,0.00,1.00,0,1,0.00,0.00,0,0
1431580716,s2,0.00,0.00,0.00,0,0,0.00,0.00,0.00,0,0,0.00,0.00,0,0
1431580716,s1-eth2,25014.00,1125560.00,1150574.00,1125560,25014,379.00,380.00,759.00,380,379,0.00,0.00,0,0
1431580716,s1-eth1,1122598.00,25014.00,1147612.00,25014,1122598,379.00,379.00,758.00,379,379,0.00,0.00,0,0
1431580716,s3,0.00,0.00,0.00,0,0,0.00,0.00,0.00,0,0,0.00,0.00,0,0
1431580716,lo,0.00,0.00,0.00,0,0,0.00,0.00,0.00,0,0,0.00,0.00,0,0
1431580716,s4,0.00,0.00,0.00,0,0,0.00,0.00,0.00,0,0,0.00,0.00,0,0
1431580716,total,1147719.00,1150574.00,2298293.00,1150574,1147719,759.00,759.00,1518.00,759,759,0.00,0.00,0,0
1431580717,s5,0.00,0.00,0.00,0,0,0.00,0.00,0.00,0,0,0.00,0.00,0,0
1431580717,s1,0.00,0.00,0.00,0,0,0.00,0.00,0.00,0,0,0.00,0.00,0,0
1431580717,eth0,0.00,0.00,0.00,0,0,0.00,0.00,0.00,0,0,0.00,0.00,0,0
1431580717,eth1,0.00,0.00,0.00,0,0,0.00,0.00,0.00,0,0,0.00,0.00,0,0
1431580717,s2,0.00,0.00,0.00,0,0,0.00,0.00,0.00,0,0,0.00,0.00,0,0
1431580717,s1-eth2,24354.00,1090016.00,1114370.00,1090016,24354,369.00,368.00,737.00,368,369,0.00,0.00,0,0
1431580717,s1-eth1,1092978.00,24420.00,1117398.00,24420,1092978,369.00,370.00,739.00,370,369,0.00,0.00,0,0
1431580717,s3,0.00,0.00,0.00,0,0,0.00,0.00,0.00,0,0,0.00,0.00,0,0
1431580717,lo,172.00,172.00,344.00,172,172,3.00,3.00,6.00,3,3,0.00,0.00,0,0
1431580717,s4,0.00,0.00,0.00,0,0,0.00,0.00,0.00,0,0,0.00,0.00,0,0
1431580717,total,1117504.00,1114608.00,2232112.00,1114608,1117504,741.00,741.00,1482.00,741,741,0.00,0.00,0,0
1431580718,s5,0.00,0.00,0.00,0,0,0.00,0.00,0.00,0,0,0.00,0.00,0,0
1431580718,s1,0.00,0.00,0.00,0,0,0.00,0.00,0.00,0,0,0.00,0.00,0,0
1431580718,eth0,0.00,0.00,0.00,0,0,0.00,0.00,0.00,0,0,0.00,0.00,0,0
1431580718,eth1,0.00,0.00,0.00,0,0,0.00,0.00,0.00,0,0,0.00,0.00,0,0
1431580718,s2,0.00,0.00,0.00,0,0,0.00,0.00,0.00,0,0,0.00,0.00,0,0
1431580718,s1-eth2,26478.00,1180270.00,1206748.00,1180270,26478,397.00,463.00,860.00,463,397,0.00,0.00,0,0
1431580718,s1-eth1,1177308.00,26136.00,1203444.00,26136,1177308,462.00,396.00,858.00,396,462,0.00,0.00,0,0
1431580718,s3,0.00,0.00,0.00,0,0,0.00,0.00,0.00,0,0,0.00,0.00,0,0
1431580718,lo,688.00,688.00,1376.00,688,688,12.00,12.00,24.00,12,12,0.00,0.00,0,0
1431580718,s4,0.00,0.00,0.00,0,0,0.00,0.00,0.00,0,0,0.00,0.00,0,0
1431580718,total,1204474.00,1207094.00,2411568.00,1207094,1204474,871.00,871.00,1742.00,871,871,0.00,0.00,0,0
1431580719,s5,0.00,0.00,0.00,0,0,0.00,0.00,0.00,0,0,0.00,0.00,0,0
1431580719,s1,0.00,0.00,0.00,0,0,0.00,0.00,0.00,0,0,0.00,0.00,0,0
1431580719,eth0,0.00,0.00,0.00,0,0,0.00,0.00,0.00,0,0,0.00,0.00,0,0
1431580719,eth1,0.00,0.00,0.00,0,0,0.00,0.00,0.00,0,0,0.00,0.00,0,0
1431580719,s2,0.00,0.00,0.00,0,0,0.00,0.00,0.00,0,0,0.00,0.00,0,0
1431580719,s1-eth2,26150.85,1168821.25,1194972.00,1169990,26177,395.60,394.61,790.21,395,396,0.00,0.00,0,0
1431580719,s1-eth1,1168821.25,26043.96,1194865.12,26070,1169990,394.61,394.61,789.21,395,395,0.00,0.00,0,0
1431580719,s3,0.00,0.00,0.00,0,0,0.00,0.00,0.00,0,0,0.00,0.00,0,0
1431580719,lo,0.00,0.00,0.00,0,0,0.00,0.00,0.00,0,0,0.00,0.00,0,0
1431580719,s4,0.00,0.00,0.00,0,0,0.00,0.00,0.00,0,0,0.00,0.00,0,0
1431580719,total,1194972.00,1194865.12,2389837.25,1196060,1196167,790.21,789.21,1579.42,790,791,0.00,0.00,0,0
1431580720,s5,0.00,0.00,0.00,0,0,0.00,0.00,0.00,0,0,0.00,0.00,0,0
1431580720,s1,0.00,0.00,0.00,0,0,0.00,0.00,0.00,0,0,0.00,0.00,0,0
1431580720,eth0,0.00,0.00,0.00,0,0,0.00,0.00,0.00,0,0,0.00,0.00,0,0
1431580720,eth1,342.00,0.00,342.00,0,342,1.00,0.00,1.00,0,1,0.00,0.00,0,0
1431580720,s2,0.00,0.00,0.00,0,0,0.00,0.00,0.00,0,0,0.00,0.00,0,0
1431580720,s1-eth2,26598.00,1193686.00,1220284.00,1193686,26598,403.00,403.00,806.00,403,403,0.00,0.00,0,0
1431580720,s1-eth1,1193793.00,26598.00,1220391.00,26598,1193793,404.00,403.00,807.00,403,404,0.00,0.00,0,0
1431580720,s3,0.00,0.00,0.00,0,0,0.00,0.00,0.00,0,0,0.00,0.00,0,0
1431580720,lo,0.00,0.00,0.00,0,0,0.00,0.00,0.00,0,0,0.00,0.00,0,0
1431580720,s4,0.00,0.00,0.00,0,0,0.00,0.00,0.00,0,0,0.00,0.00,0,0
1431580720,total,1220733.00,1220284.00,2441017.00,1220284,1220733,808.00,806.00,1614.00,806,808,0.00,0.00,0,0
1431580721,s5,0.00,0.00,0.00,0,0,0.00,0.00,0.00,0,0,0.00,0.00,0,0
1431580721,s1,0.00,0.00,0.00,0,0,0.00,0.00,0.00,0,0,0.00,0.00,0,0
1431580721,eth0,0.00,0.00,0.00,0,0,0.00,0.00,0.00,0,0,0.00,0.00,0,0
1431580721,eth1,0.00,0.00,0.00,0,0,0.00,0.00,0.00,0,0,0.00,0.00,0,0
1431580721,s2,0.00,0.00,0.00,0,0,0.00,0.00,0.00,0,0,0.00,0.00,0,0
1431580721,s1-eth2,26730.00,1199610.00,1226340.00,1199610,26730,405.00,405.00,810.00,405,405,0.00,0.00,0,0
1431580721,s1-eth1,1199610.00,26730.00,1226340.00,26730,1199610,405.00,405.00,810.00,405,405,0.00,0.00,0,0
1431580721,s3,0.00,0.00,0.00,0,0,0.00,0.00,0.00,0,0,0.00,0.00,0,0
1431580721,lo,0.00,0.00,0.00,0,0,0.00,0.00,0.00,0,0,0.00,0.00,0,0
1431580721,s4,0.00,0.00,0.00,0,0,0.00,0.00,0.00,0,0,0.00,0.00,0,0
1431580721,total,1226340.00,1226340.00,2452680.00,1226340,1226340,810.00,810.00,1620.00,810,810,0.00,0.00,0,0
1431580722,s5,0.00,0.00,0.00,0,0,0.00,0.00,0.00,0,0,0.00,0.00,0,0
1431580722,s1,0.00,0.00,0.00,0,0,0.00,0.00,0.00,0,0,0.00,0.00,0,0
1431580722,eth0,0.00,0.00,0.00,0,0,0.00,0.00,0.00,0,0,0.00,0.00,0,0
1431580722,eth1,0.00,0.00,0.00,0,0,0.00,0.00,0.00,0,0,0.00,0.00,0,0
1431580722,s2,0.00,0.00,0.00,0,0,0.00,0.00,0.00,0,0,0.00,0.00,0,0
1431580722,s1-eth2,26862.00,1202572.00,1229434.00,1202572,26862,407.00,406.00,813.00,406,407,0.00,0.00,0,0
1431580722,s1-eth1,1205534.00,26796.00,1232330.00,26796,1205534,407.00,406.00,813.00,406,407,0.00,0.00,0,0
1431580722,s3,0.00,0.00,0.00,0,0,0.00,0.00,0.00,0,0,0.00,0.00,0,0
1431580722,lo,172.00,172.00,344.00,172,172,3.00,3.00,6.00,3,3,0.00,0.00,0,0
1431580722,s4,0.00,0.00,0.00,0,0,0.00,0.00,0.00,0,0,0.00,0.00,0,0
1431580722,total,1232568.00,1229540.00,2462108.00,1229540,1232568,817.00,815.00,1632.00,815,817,0.00,0.00,0,0
1431580723,s5,0.00,0.00,0.00,0,0,0.00,0.00,0.00,0,0,0.00,0.00,0,0
1431580723,s1,0.00,0.00,0.00,0,0,0.00,0.00,0.00,0,0,0.00,0.00,0,0
1431580723,eth0,0.00,0.00,0.00,0,0,0.00,0.00,0.00,0,0,0.00,0.00,0,0
1431580723,eth1,0.00,0.00,0.00,0,0,0.00,0.00,0.00,0,0,0.00,0.00,0,0
1431580723,s2,0.00,0.00,0.00,0,0,0.00,0.00,0.00,0,0,0.00,0.00,0,0
1431580723,s1-eth2,25294.71,1133312.75,1158607.38,1134446,25320,383.62,382.62,766.23,383,384,0.00,0.00,0,0
1431580723,s1-eth1,1133312.75,25294.71,1158607.38,25320,1134446,382.62,383.62,766.23,384,383,0.00,0.00,0,0
1431580723,s3,0.00,0.00,0.00,0,0,0.00,0.00,0.00,0,0,0.00,0.00,0,0
1431580723,lo,983.02,983.02,1966.03,984,984,14.99,14.99,29.97,15,15,0.00,0.00,0,0
1431580723,s4,0.00,0.00,0.00,0,0,0.00,0.00,0.00,0,0,0.00,0.00,0,0
1431580723,total,1159590.50,1159590.50,2319181.00,1160750,1160750,781.22,781.22,1562.44,782,782,0.00,0.00,0,0
1431580724,s5,0.00,0.00,0.00,0,0,0.00,0.00,0.00,0,0,0.00,0.00,0,0
1431580724,s1,0.00,0.00,0.00,0,0,0.00,0.00,0.00,0,0,0.00,0.00,0,0
1431580724,eth0,0.00,0.00,0.00,0,0,0.00,0.00,0.00,0,0,0.00,0.00,0,0
1431580724,eth1,0.00,0.00,0.00,0,0,0.00,0.00,0.00,0,0,0.00,0.00,0,0
1431580724,s2,0.00,0.00,0.00,0,0,0.00,0.00,0.00,0,0,0.00,0.00,0,0
1431580724,s1-eth2,24684.00,1115214.00,1139898.00,1115214,24684,374.00,443.00,817.00,443,374,0.00,0.00,0,0
1431580724,s1-eth1,1112252.00,24750.00,1137002.00,24750,1112252,442.00,375.00,817.00,375,442,0.00,0.00,0,0
1431580724,s3,0.00,0.00,0.00,0,0,0.00,0.00,0.00,0,0,0.00,0.00,0,0
1431580724,lo,0.00,0.00,0.00,0,0,0.00,0.00,0.00,0,0,0.00,0.00,0,0
1431580724,s4,0.00,0.00,0.00,0,0,0.00,0.00,0.00,0,0,0.00,0.00,0,0
1431580724,total,1136936.00,1139964.00,2276900.00,1139964,1136936,816.00,818.00,1634.00,818,816,0.00,0.00,0,0
1431580725,s5,0.00,0.00,0.00,0,0,0.00,0.00,0.00,0,0,0.00,0.00,0,0
1431580725,s1,0.00,0.00,0.00,0,0,0.00,0.00,0.00,0,0,0.00,0.00,0,0
1431580725,eth0,0.00,0.00,0.00,0,0,0.00,0.00,0.00,0,0,0.00,0.00,0,0
1431580725,eth1,0.00,0.00,0.00,0,0,0.00,0.00,0.00,0,0,0.00,0.00,0,0
1431580725,s2,0.00,0.00,0.00,0,0,0.00,0.00,0.00,0,0,0.00,0.00,0,0
1431580725,s1-eth2,26400.00,1187762.00,1214162.00,1187762,26400,400.00,401.00,801.00,401,400,0.00,0.00,0,0
1431580725,s1-eth1,1184800.00,26334.00,1211134.00,26334,1184800,400.00,399.00,799.00,399,400,0.00,0.00,0,0
1431580725,s3,0.00,0.00,0.00,0,0,0.00,0.00,0.00,0,0,0.00,0.00,0,0
1431580725,lo,0.00,0.00,0.00,0,0,0.00,0.00,0.00,0,0,0.00,0.00,0,0
1431580725,s4,0.00,0.00,0.00,0,0,0.00,0.00,0.00,0,0,0.00,0.00,0,0
1431580725,total,1211200.00,1214096.00,2425296.00,1214096,1211200,800.00,800.00,1600.00,800,800,0.00,0.00,0,0
1431580726,s5,0.00,0.00,0.00,0,0,0.00,0.00,0.00,0,0,0.00,0.00,0,0
1431580726,s1,0.00,0.00,0.00,0,0,0.00,0.00,0.00,0,0,0.00,0.00,0,0
1431580726,eth0,0.00,0.00,0.00,0,0,0.00,0.00,0.00,0,0,0.00,0.00,0,0
1431580726,eth1,0.00,0.00,0.00,0,0,0.00,0.00,0.00,0,0,0.00,0.00,0,0
1431580726,s2,0.00,0.00,0.00,0,0,0.00,0.00,0.00,0,0,0.00,0.00,0,0
1431580726,s1-eth2,26136.00,1172952.00,1199088.00,1172952,26136,396.00,396.00,792.00,396,396,0.00,0.00,0,0
1431580726,s1-eth1,1172952.00,26202.00,1199154.00,26202,1172952,396.00,397.00,793.00,397,396,0.00,0.00,0,0
1431580726,s3,0.00,0.00,0.00,0,0,0.00,0.00,0.00,0,0,0.00,0.00,0,0
1431580726,lo,0.00,0.00,0.00,0,0,0.00,0.00,0.00,0,0,0.00,0.00,0,0
1431580726,s4,0.00,0.00,0.00,0,0,0.00,0.00,0.00,0,0,0.00,0.00,0,0
1431580726,total,1199088.00,1199154.00,2398242.00,1199154,1199088,792.00,793.00,1585.00,793,792,0.00,0.00,0,0
1431580727,s5,0.00,0.00,0.00,0,0,0.00,0.00,0.00,0,0,0.00,0.00,0,0
1431580727,s1,0.00,0.00,0.00,0,0,0.00,0.00,0.00,0,0,0.00,0.00,0,0
1431580727,eth0,0.00,0.00,0.00,0,0,0.00,0.00,0.00,0,0,0.00,0.00,0,0
1431580727,eth1,0.00,0.00,0.00,0,0,0.00,0.00,0.00,0,0,0.00,0.00,0,0
1431580727,s2,0.00,0.00,0.00,0,0,0.00,0.00,0.00,0,0,0.00,0.00,0,0
1431580727,s1-eth2,26664.00,1193686.00,1220350.00,1193686,26664,404.00,403.00,807.00,403,404,0.00,0.00,0,0
1431580727,s1-eth1,1196990.00,26598.00,1223588.00,26598,1196990,405.00,403.00,808.00,403,405,0.00,0.00,0,0
1431580727,s3,0.00,0.00,0.00,0,0,0.00,0.00,0.00,0,0,0.00,0.00,0,0
1431580727,lo,0.00,0.00,0.00,0,0,0.00,0.00,0.00,0,0,0.00,0.00,0,0
1431580727,s4,0.00,0.00,0.00,0,0,0.00,0.00,0.00,0,0,0.00,0.00,0,0
1431580727,total,1223654.00,1220284.00,2443938.00,1220284,1223654,809.00,806.00,1615.00,806,809,0.00,0.00,0,0
1431580728,s5,0.00,0.00,0.00,0,0,0.00,0.00,0.00,0,0,0.00,0.00,0,0
1431580728,s1,0.00,0.00,0.00,0,0,0.00,0.00,0.00,0,0,0.00,0.00,0,0
1431580728,eth0,0.00,0.00,0.00,0,0,0.00,0.00,0.00,0,0,0.00,0.00,0,0
1431580728,eth1,0.00,0.00,0.00,0,0,0.00,0.00,0.00,0,0,0.00,0.00,0,0
1431580728,s2,0.00,0.00,0.00,0,0,0.00,0.00,0.00,0,0,0.00,0.00,0,0
1431580728,s1-eth2,26598.00,1196648.00,1223246.00,1196648,26598,403.00,404.00,807.00,404,403,0.00,0.00,0,0
1431580728,s1-eth1,1193686.00,26598.00,1220284.00,26598,1193686,403.00,403.00,806.00,403,403,0.00,0.00,0,0
1431580728,s3,0.00,0.00,0.00,0,0,0.00,0.00,0.00,0,0,0.00,0.00,0,0
1431580728,lo,860.00,860.00,1720.00,860,860,15.00,15.00,30.00,15,15,0.00,0.00,0,0
1431580728,s4,0.00,0.00,0.00,0,0,0.00,0.00,0.00,0,0,0.00,0.00,0,0
1431580728,total,1221144.00,1224106.00,2445250.00,1224106,1221144,821.00,822.00,1643.00,822,821,0.00,0.00,0,0
1431580729,s5,0.00,0.00,0.00,0,0,0.00,0.00,0.00,0,0,0.00,0.00,0,0
1431580729,s1,0.00,0.00,0.00,0,0,0.00,0.00,0.00,0,0,0.00,0.00,0,0
1431580729,eth0,0.00,0.00,0.00,0,0,0.00,0.00,0.00,0,0,0.00,0.00,0,0
1431580729,eth1,0.00,0.00,0.00,0,0,0.00,0.00,0.00,0,0,0.00,0.00,0,0
1431580729,s2,0.00,0.00,0.00,0,0,0.00,0.00,0.00,0,0,0.00,0.00,0,0
1431580729,s1-eth2,26796.00,1199610.00,1226406.00,1199610,26796,406.00,405.00,811.00,405,406,0.00,0.00,0,0
1431580729,s1-eth1,1202572.00,26862.00,1229434.00,26862,1202572,406.00,407.00,813.00,407,406,0.00,0.00,0,0
1431580729,s3,0.00,0.00,0.00,0,0,0.00,0.00,0.00,0,0,0.00,0.00,0,0
1431580729,lo,0.00,0.00,0.00,0,0,0.00,0.00,0.00,0,0,0.00,0.00,0,0
1431580729,s4,0.00,0.00,0.00,0,0,0.00,0.00,0.00,0,0,0.00,0.00,0,0
1431580729,total,1229368.00,1226472.00,2455840.00,1226472,1229368,812.00,812.00,1624.00,812,812,0.00,0.00,0,0
1431580730,s5,0.00,0.00,0.00,0,0,0.00,0.00,0.00,0,0,0.00,0.00,0,0
1431580730,s1,0.00,0.00,0.00,0,0,0.00,0.00,0.00,0,0,0.00,0.00,0,0
1431580730,eth0,0.00,0.00,0.00,0,0,0.00,0.00,0.00,0,0,0.00,0.00,0,0
1431580730,eth1,0.00,0.00,0.00,0,0,0.00,0.00,0.00,0,0,0.00,0.00,0,0
1431580730,s2,0.00,0.00,0.00,0,0,0.00,0.00,0.00,0,0,0.00,0.00,0,0
1431580730,s1-eth2,25227.54,1135137.75,1160365.25,1137408,25278,382.24,383.23,765.47,384,383,0.00,0.00,0,0
1431580730,s1-eth1,1132181.62,25161.68,1157343.38,25212,1134446,382.24,381.24,763.47,382,383,0.00,0.00,0,0
1431580730,s3,0.00,0.00,0.00,0,0,0.00,0.00,0.00,0,0,0.00,0.00,0,0
1431580730,lo,0.00,0.00,0.00,0,0,0.00,0.00,0.00,0,0,0.00,0.00,0,0
1431580730,s4,0.00,0.00,0.00,0,0,0.00,0.00,0.00,0,0,0.00,0.00,0,0
1431580730,total,1157409.25,1160299.38,2317708.75,1162620,1159724,764.47,764.47,1528.94,766,766,0.00,0.00,0,0
1431580731,s5,0.00,0.00,0.00,0,0,0.00,0.00,0.00,0,0,0.00,0.00,0,0
1431580731,s1,0.00,0.00,0.00,0,0,0.00,0.00,0.00,0,0,0.00,0.00,0,0
1431580731,eth0,0.00,0.00,0.00,0,0,0.00,0.00,0.00,0,0,0.00,0.00,0,0
1431580731,eth1,342.00,0.00,342.00,0,342,1.00,0.00,1.00,0,1,0.00,0.00,0,0
1431580731,s2,0.00,0.00,0.00,0,0,0.00,0.00,0.00,0,0,0.00,0.00,0,0
1431580731,s1-eth2,25488.00,1128522.00,1154010.00,1128522,25488,382.00,381.00,763.00,381,382,0.00,0.00,0,0
1431580731,s1-eth1,1128522.00,25212.00,1153734.00,25212,1128522,381.00,382.00,763.00,382,381,0.00,0.00,0,0
1431580731,s3,0.00,0.00,0.00,0,0,0.00,0.00,0.00,0,0,0.00,0.00,0,0
1431580731,lo,0.00,0.00,0.00,0,0,0.00,0.00,0.00,0,0,0.00,0.00,0,0
1431580731,s4,0.00,0.00,0.00,0,0,0.00,0.00,0.00,0,0,0.00,0.00,0,0
1431580731,total,1154352.00,1153734.00,2308086.00,1153734,1154352,764.00,763.00,1527.00,763,764,0.00,0.00,0,0
1431580732,s5,0.00,0.00,0.00,0,0,0.00,0.00,0.00,0,0,0.00,0.00,0,0
1431580732,s1,0.00,0.00,0.00,0,0,0.00,0.00,0.00,0,0,0.00,0.00,0,0
1431580732,eth0,0.00,0.00,0.00,0,0,0.00,0.00,0.00,0,0,0.00,0.00,0,0
1431580732,eth1,107.00,0.00,107.00,0,107,1.00,0.00,1.00,0,1,0.00,0.00,0,0
1431580732,s2,0.00,0.00,0.00,0,0,0.00,0.00,0.00,0,0,0.00,0.00,0,0
1431580732,s1-eth2,26928.00,1208496.00,1235424.00,1208496,26928,408.00,408.00,816.00,408,408,0.00,0.00,0,0
1431580732,s1-eth1,1208496.00,26928.00,1235424.00,26928,1208496,408.00,408.00,816.00,408,408,0.00,0.00,0,0
1431580732,s3,0.00,0.00,0.00,0,0,0.00,0.00,0.00,0,0,0.00,0.00,0,0
1431580732,lo,0.00,0.00,0.00,0,0,0.00,0.00,0.00,0,0,0.00,0.00,0,0
1431580732,s4,0.00,0.00,0.00,0,0,0.00,0.00,0.00,0,0,0.00,0.00,0,0
1431580732,total,1235531.00,1235424.00,2470955.00,1235424,1235531,817.00,816.00,1633.00,816,817,0.00,0.00,0,0
1431580733,s5,0.00,0.00,0.00,0,0,0.00,0.00,0.00,0,0,0.00,0.00,0,0
1431580733,s1,0.00,0.00,0.00,0,0,0.00,0.00,0.00,0,0,0.00,0.00,0,0
1431580733,eth0,0.00,0.00,0.00,0,0,0.00,0.00,0.00,0,0,0.00,0.00,0,0
1431580733,eth1,0.00,0.00,0.00,0,0,0.00,0.00,0.00,0,0,0.00,0.00,0,0
1431580733,s2,0.00,0.00,0.00,0,0,0.00,0.00,0.00,0,0,0.00,0.00,0,0
1431580733,s1-eth2,26610.78,1194259.50,1220870.25,1196648,26664,403.19,403.19,806.39,404,404,0.00,0.00,0,0
1431580733,s1-eth1,1194259.50,26610.78,1220870.25,26664,1196648,403.19,403.19,806.39,404,404,0.00,0.00,0,0
1431580733,s3,0.00,0.00,0.00,0,0,0.00,0.00,0.00,0,0,0.00,0.00,0,0
1431580733,lo,858.28,858.28,1716.57,860,860,14.97,14.97,29.94,15,15,0.00,0.00,0,0
1431580733,s4,0.00,0.00,0.00,0,0,0.00,0.00,0.00,0,0,0.00,0.00,0,0
1431580733,total,1221728.62,1221728.62,2443457.25,1224172,1224172,821.36,821.36,1642.71,823,823,0.00,0.00,0,0
1431580734,s5,0.00,0.00,0.00,0,0,0.00,0.00,0.00,0,0,0.00,0.00,0,0
1431580734,s1,0.00,0.00,0.00,0,0,0.00,0.00,0.00,0,0,0.00,0.00,0,0
1431580734,eth0,0.00,0.00,0.00,0,0,0.00,0.00,0.00,0,0,0.00,0.00,0,0
1431580734,eth1,0.00,0.00,0.00,0,0,0.00,0.00,0.00,0,0,0.00,0.00,0,0
1431580734,s2,0.00,0.00,0.00,0,0,0.00,0.00,0.00,0,0,0.00,0.00,0,0
1431580734,s1-eth2,26664.00,1199610.00,1226274.00,1199610,26664,404.00,405.00,809.00,405,404,0.00,0.00,0,0
1431580734,s1-eth1,1199610.00,26664.00,1226274.00,26664,1199610,405.00,404.00,809.00,404,405,0.00,0.00,0,0
1431580734,s3,0.00,0.00,0.00,0,0,0.00,0.00,0.00,0,0,0.00,0.00,0,0
1431580734,lo,0.00,0.00,0.00,0,0,0.00,0.00,0.00,0,0,0.00,0.00,0,0
1431580734,s4,0.00,0.00,0.00,0,0,0.00,0.00,0.00,0,0,0.00,0.00,0,0
1431580734,total,1226274.00,1226274.00,2452548.00,1226274,1226274,809.00,809.00,1618.00,809,809,0.00,0.00,0,0
1431580735,s5,0.00,0.00,0.00,0,0,0.00,0.00,0.00,0,0,0.00,0.00,0,0
1431580735,s1,0.00,0.00,0.00,0,0,0.00,0.00,0.00,0,0,0.00,0.00,0,0
1431580735,eth0,516.00,598.00,1114.00,598,516,6.00,5.00,11.00,5,6,0.00,0.00,0,0
1431580735,eth1,0.00,0.00,0.00,0,0,0.00,0.00,0.00,0,0,0.00,0.00,0,0
1431580735,s2,0.00,0.00,0.00,0,0,0.00,0.00,0.00,0,0,0.00,0.00,0,0
1431580735,s1-eth2,26930.00,1184800.00,1211730.00,1184800,26930,403.00,400.00,803.00,400,403,0.00,0.00,0,0
1431580735,s1-eth1,1182290.00,26334.00,1208624.00,26334,1182290,401.00,399.00,800.00,399,401,0.00,0.00,0,0
1431580735,s3,0.00,0.00,0.00,0,0,0.00,0.00,0.00,0,0,0.00,0.00,0,0
1431580735,lo,682.00,682.00,1364.00,682,682,8.00,8.00,16.00,8,8,0.00,0.00,0,0
1431580735,s4,0.00,0.00,0.00,0,0,0.00,0.00,0.00,0,0,0.00,0.00,0,0
1431580735,total,1210418.00,1212414.00,2422832.00,1212414,1210418,818.00,812.00,1630.00,812,818,0.00,0.00,0,0
1431580736,s5,0.00,0.00,0.00,0,0,0.00,0.00,0.00,0,0,0.00,0.00,0,0
1431580736,s1,0.00,0.00,0.00,0,0,0.00,0.00,0.00,0,0,0.00,0.00,0,0
1431580736,eth0,304.00,490.00,794.00,490,304,4.00,4.00,8.00,4,4,0.00,0.00,0,0
1431580736,eth1,0.00,0.00,0.00,0,0,0.00,0.00,0.00,0,0,0.00,0.00,0,0
1431580736,s2,0.00,0.00,0.00,0,0,0.00,0.00,0.00,0,0,0.00,0.00,0,0
1431580736,s1-eth2,27663.00,1203966.00,1231629.00,1203966,27663,411.00,471.00,882.00,471,411,0.00,0.00,0,0
1431580736,s1-eth1,1204154.00,26730.00,1230884.00,26730,1204154,473.00,405.00,878.00,405,473,0.00,0.00,0,0
1431580736,s3,0.00,0.00,0.00,0,0,0.00,0.00,0.00,0,0,0.00,0.00,0,0
1431580736,lo,682.00,682.00,1364.00,682,682,8.00,8.00,16.00,8,8,0.00,0.00,0,0
1431580736,s4,0.00,0.00,0.00,0,0,0.00,0.00,0.00,0,0,0.00,0.00,0,0
1431580736,total,1232803.00,1231868.00,2464671.00,1231868,1232803,896.00,888.00,1784.00,888,896,0.00,0.00,0,0
1431580737,s5,0.00,0.00,0.00,0,0,0.00,0.00,0.00,0,0,0.00,0.00,0,0
1431580737,s1,0.00,0.00,0.00,0,0,0.00,0.00,0.00,0,0,0.00,0.00,0,0
1431580737,eth0,152.00,245.00,397.00,245,152,2.00,2.00,4.00,2,2,0.00,0.00,0,0
1431580737,eth1,0.00,0.00,0.00,0,0,0.00,0.00,0.00,0,0,0.00,0.00,0,0
1431580737,s2,0.00,0.00,0.00,0,0,0.00,0.00,0.00,0,0,0.00,0.00,0,0
1431580737,s1-eth2,27010.00,1134446.00,1161456.00,1134446,27010,391.00,383.00,774.00,383,391,0.00,0.00,0,0
1431580737,s1-eth1,1136477.00,25344.00,1161821.00,25344,1136477,393.00,384.00,777.00,384,393,0.00,0.00,0,0
1431580737,s3,0.00,0.00,0.00,0,0,0.00,0.00,0.00,0,0,0.00,0.00,0,0
1431580737,lo,341.00,341.00,682.00,341,341,4.00,4.00,8.00,4,4,0.00,0.00,0,0
1431580737,s4,0.00,0.00,0.00,0,0,0.00,0.00,0.00,0,0,0.00,0.00,0,0
1431580737,total,1163980.00,1160376.00,2324356.00,1160376,1163980,790.00,773.00,1563.00,773,790,0.00,0.00,0,0
1431580738,s5,0.00,0.00,0.00,0,0,0.00,0.00,0.00,0,0,0.00,0.00,0,0
1431580738,s1,0.00,0.00,0.00,0,0,0.00,0.00,0.00,0,0,0.00,0.00,0,0
1431580738,eth0,151.24,243.78,395.02,245,152,1.99,1.99,3.98,2,2,0.00,0.00,0,0
1431580738,eth1,0.00,0.00,0.00,0,0,0.00,0.00,0.00,0,0,0.00,0.00,0,0
1431580738,s2,0.00,0.00,0.00,0,0,0.00,0.00,0.00,0,0,0.00,0.00,0,0
1431580738,s1-eth2,24941.29,1105223.88,1130165.12,1110750,25066,372.14,373.13,745.27,375,374,0.00,0.00,0,0
1431580738,s1-eth1,1102984.00,24495.52,1127479.62,24618,1108499,376.12,371.14,747.26,373,378,0.00,0.00,0,0
1431580738,s3,0.00,0.00,0.00,0,0,0.00,0.00,0.00,0,0,0.00,0.00,0,0
1431580738,lo,1195.02,1195.02,2390.05,1201,1201,18.91,18.91,37.81,19,19,0.00,0.00,0,0
1431580738,s4,0.00,0.00,0.00,0,0,0.00,0.00,0.00,0,0,0.00,0.00,0,0
1431580738,total,1129271.62,1131158.25,2260429.75,1136814,1134918,769.15,765.17,1534.33,769,773,0.00,0.00,0,0
1431580739,s5,0.00,0.00,0.00,0,0,0.00,0.00,0.00,0,0,0.00,0.00,0,0
1431580739,s1,0.00,0.00,0.00,0,0,0.00,0.00,0.00,0,0,0.00,0.00,0,0
1431580739,eth0,0.00,0.00,0.00,0,0,0.00,0.00,0.00,0,0,0.00,0.00,0,0
1431580739,eth1,0.00,0.00,0.00,0,0,0.00,0.00,0.00,0,0,0.00,0.00,0,0
1431580739,s2,0.00,0.00,0.00,0,0,0.00,0.00,0.00,0,0,0.00,0.00,0,0
1431580739,s1-eth2,26771.00,1190724.00,1217495.00,1190724,26771,405.00,402.00,807.00,402,405,0.00,0.00,0,0
1431580739,s1-eth1,1191051.00,26532.00,1217583.00,26532,1191051,403.00,402.00,805.00,402,403,0.00,0.00,0,0
1431580739,s3,0.00,0.00,0.00,0,0,0.00,0.00,0.00,0,0,0.00,0.00,0,0
1431580739,lo,0.00,0.00,0.00,0,0,0.00,0.00,0.00,0,0,0.00,0.00,0,0
1431580739,s4,0.00,0.00,0.00,0,0,0.00,0.00,0.00,0,0,0.00,0.00,0,0
1431580739,total,1217822.00,1217256.00,2435078.00,1217256,1217822,808.00,804.00,1612.00,804,808,0.00,0.00,0,0
1431580740,s5,0.00,0.00,0.00,0,0,0.00,0.00,0.00,0,0,0.00,0.00,0,0
1431580740,s1,0.00,0.00,0.00,0,0,0.00,0.00,0.00,0,0,0.00,0.00,0,0
1431580740,eth0,60.00,60.00,120.00,60,60,1.00,1.00,2.00,1,1,0.00,0.00,0,0
1431580740,eth1,0.00,0.00,0.00,0,0,0.00,0.00,0.00,0,0,0.00,0.00,0,0
1431580740,s2,0.00,0.00,0.00,0,0,0.00,0.00,0.00,0,0,0.00,0.00,0,0
1431580740,s1-eth2,27142.00,1181838.00,1208980.00,1181838,27142,400.00,399.00,799.00,399,400,0.00,0.00,0,0
1431580740,s1-eth1,1173668.00,26136.00,1199804.00,26136,1173668,399.00,396.00,795.00,396,399,0.00,0.00,0,0
1431580740,s3,0.00,0.00,0.00,0,0,0.00,0.00,0.00,0,0,0.00,0.00,0,0
1431580740,lo,0.00,0.00,0.00,0,0,0.00,0.00,0.00,0,0,0.00,0.00,0,0
1431580740,s4,0.00,0.00,0.00,0,0,0.00,0.00,0.00,0,0,0.00,0.00,0,0
1431580740,total,1200870.00,1208034.00,2408904.00,1208034,1200870,800.00,796.00,1596.00,796,800,0.00,0.00,0,0
1431580741,s5,0.00,0.00,0.00,0,0,0.00,0.00,0.00,0,0,0.00,0.00,0,0
1431580741,s1,0.00,0.00,0.00,0,0,0.00,0.00,0.00,0,0,0.00,0.00,0,0
1431580741,eth0,0.00,0.00,0.00,0,0,0.00,0.00,0.00,0,0,0.00,0.00,0,0
1431580741,eth1,0.00,0.00,0.00,0,0,0.00,0.00,0.00,0,0,0.00,0.00,0,0
1431580741,s2,0.00,0.00,0.00,0,0,0.00,0.00,0.00,0,0,0.00,0.00,0,0
1431580741,s1-eth2,26466.00,1184800.00,1211266.00,1184800,26466,401.00,400.00,801.00,400,401,0.00,0.00,0,0
1431580741,s1-eth1,1188159.00,26532.00,1214691.00,26532,1188159,403.00,402.00,805.00,402,403,0.00,0.00,0,0
1431580741,s3,0.00,0.00,0.00,0,0,0.00,0.00,0.00,0,0,0.00,0.00,0,0
1431580741,lo,0.00,0.00,0.00,0,0,0.00,0.00,0.00,0,0,0.00,0.00,0,0
1431580741,s4,0.00,0.00,0.00,0,0,0.00,0.00,0.00,0,0,0.00,0.00,0,0
1431580741,total,1214625.00,1211332.00,2425957.00,1211332,1214625,804.00,802.00,1606.00,802,804,0.00,0.00,0,0
1431580742,s5,0.00,0.00,0.00,0,0,0.00,0.00,0.00,0,0,0.00,0.00,0,0
1431580742,s1,0.00,0.00,0.00,0,0,0.00,0.00,0.00,0,0,0.00,0.00,0,0
1431580742,eth0,0.00,0.00,0.00,0,0,0.00,0.00,0.00,0,0,0.00,0.00,0,0
1431580742,eth1,0.00,0.00,0.00,0,0,0.00,0.00,0.00,0,0,0.00,0.00,0,0
1431580742,s2,0.00,0.00,0.00,0,0,0.00,0.00,0.00,0,0,0.00,0.00,0,0
1431580742,s1-eth2,26532.00,1190724.00,1217256.00,1190724,26532,402.00,402.00,804.00,402,402,0.00,0.00,0,0
1431580742,s1-eth1,1190724.00,26532.00,1217256.00,26532,1190724,402.00,402.00,804.00,402,402,0.00,0.00,0,0
1431580742,s3,0.00,0.00,0.00,0,0,0.00,0.00,0.00,0,0,0.00,0.00,0,0
1431580742,lo,0.00,0.00,0.00,0,0,0.00,0.00,0.00,0,0,0.00,0.00,0,0
1431580742,s4,0.00,0.00,0.00,0,0,0.00,0.00,0.00,0,0,0.00,0.00,0,0
1431580742,total,1217256.00,1217256.00,2434512.00,1217256,1217256,804.00,804.00,1608.00,804,804,0.00,0.00,0,0
1431580743,s5,0.00,0.00,0.00,0,0,0.00,0.00,0.00,0,0,0.00,0.00,0,0
1431580743,s1,0.00,0.00,0.00,0,0,0.00,0.00,0.00,0,0,0.00,0.00,0,0
1431580743,eth0,87.00,0.00,87.00,0,87,1.00,0.00,1.00,0,1,0.00,0.00,0,0
1431580743,eth1,0.00,0.00,0.00,0,0,0.00,0.00,0.00,0,0,0.00,0.00,0,0
1431580743,s2,0.00,0.00,0.00,0,0,0.00,0.00,0.00,0,0,0.00,0.00,0,0
1431580743,s1-eth2,26969.00,1205534.00,1232503.00,1205534,26969,408.00,407.00,815.00,407,408,0.00,0.00,0,0
1431580743,s1-eth1,1205534.00,26796.00,1232330.00,26796,1205534,407.00,406.00,813.00,406,407,0.00,0.00,0,0
1431580743,s3,0.00,0.00,0.00,0,0,0.00,0.00,0.00,0,0,0.00,0.00,0,0
1431580743,lo,860.00,860.00,1720.00,860,860,15.00,15.00,30.00,15,15,0.00,0.00,0,0
1431580743,s4,0.00,0.00,0.00,0,0,0.00,0.00,0.00,0,0,0.00,0.00,0,0
1431580743,total,1233450.00,1233190.00,2466640.00,1233190,1233450,831.00,828.00,1659.00,828,831,0.00,0.00,0,0
1431580744,s5,0.00,0.00,0.00,0,0,0.00,0.00,0.00,0,0,0.00,0.00,0,0
1431580744,s1,0.00,0.00,0.00,0,0,0.00,0.00,0.00,0,0,0.00,0.00,0,0
1431580744,eth0,0.00,0.00,0.00,0,0,0.00,0.00,0.00,0,0,0.00,0.00,0,0
1431580744,eth1,0.00,0.00,0.00,0,0,0.00,0.00,0.00,0,0,0.00,0.00,0,0
1431580744,s2,0.00,0.00,0.00,0,0,0.00,0.00,0.00,0,0,0.00,0.00,0,0
1431580744,s1-eth2,25228.00,1116674.00,1141902.00,1116674,25228,378.00,377.00,755.00,377,378,0.00,0.00,0,0
1431580744,s1-eth1,1116781.00,24882.00,1141663.00,24882,1116781,378.00,377.00,755.00,377,378,0.00,0.00,0,0
1431580744,s3,0.00,0.00,0.00,0,0,0.00,0.00,0.00,0,0,0.00,0.00,0,0
1431580744,lo,0.00,0.00,0.00,0,0,0.00,0.00,0.00,0,0,0.00,0.00,0,0
1431580744,s4,0.00,0.00,0.00,0,0,0.00,0.00,0.00,0,0,0.00,0.00,0,0
1431580744,total,1142009.00,1141556.00,2283565.00,1141556,1142009,756.00,754.00,1510.00,754,756,0.00,0.00,0,0
1431580745,s5,0.00,0.00,0.00,0,0,0.00,0.00,0.00,0,0,0.00,0.00,0,0
1431580745,s1,0.00,0.00,0.00,0,0,0.00,0.00,0.00,0,0,0.00,0.00,0,0
1431580745,eth0,107.00,0.00,107.00,0,107,1.00,0.00,1.00,0,1,0.00,0.00,0,0
1431580745,eth1,0.00,0.00,0.00,0,0,0.00,0.00,0.00,0,0,0.00,0.00,0,0
1431580745,s2,0.00,0.00,0.00,0,0,0.00,0.00,0.00,0,0,0.00,0.00,0,0
1431580745,s1-eth2,24354.00,1095940.00,1120294.00,1095940,24354,369.00,370.00,739.00,370,369,0.00,0.00,0,0
1431580745,s1-eth1,1090086.00,24354.00,1114440.00,24354,1090086,369.00,369.00,738.00,369,369,0.00,0.00,0,0
1431580745,s3,0.00,0.00,0.00,0,0,0.00,0.00,0.00,0,0,0.00,0.00,0,0
1431580745,lo,0.00,0.00,0.00,0,0,0.00,0.00,0.00,0,0,0.00,0.00,0,0
1431580745,s4,0.00,0.00,0.00,0,0,0.00,0.00,0.00,0,0,0.00,0.00,0,0
1431580745,total,1114547.00,1120294.00,2234841.00,1120294,1114547,739.00,739.00,1478.00,739,739,0.00,0.00,0,0
1431580746,s5,0.00,0.00,0.00,0,0,0.00,0.00,0.00,0,0,0.00,0.00,0,0
1431580746,s1,0.00,0.00,0.00,0,0,0.00,0.00,0.00,0,0,0.00,0.00,0,0
1431580746,eth0,0.00,0.00,0.00,0,0,0.00,0.00,0.00,0,0,0.00,0.00,0,0
1431580746,eth1,0.00,0.00,0.00,0,0,0.00,0.00,0.00,0,0,0.00,0.00,0,0
1431580746,s2,0.00,0.00,0.00,0,0,0.00,0.00,0.00,0,0,0.00,0.00,0,0
1431580746,s1-eth2,26730.00,1196648.00,1223378.00,1196648,26730,405.00,404.00,809.00,404,405,0.00,0.00,0,0
1431580746,s1-eth1,1199610.00,26664.00,1226274.00,26664,1199610,405.00,404.00,809.00,404,405,0.00,0.00,0,0
1431580746,s3,0.00,0.00,0.00,0,0,0.00,0.00,0.00,0,0,0.00,0.00,0,0
1431580746,lo,0.00,0.00,0.00,0,0,0.00,0.00,0.00,0,0,0.00,0.00,0,0
1431580746,s4,0.00,0.00,0.00,0,0,0.00,0.00,0.00,0,0,0.00,0.00,0,0
1431580746,total,1226340.00,1223312.00,2449652.00,1223312,1226340,810.00,808.00,1618.00,808,810,0.00,0.00,0,0
1431580747,s5,0.00,0.00,0.00,0,0,0.00,0.00,0.00,0,0,0.00,0.00,0,0
1431580747,s1,0.00,0.00,0.00,0,0,0.00,0.00,0.00,0,0,0.00,0.00,0,0
1431580747,eth0,0.00,0.00,0.00,0,0,0.00,0.00,0.00,0,0,0.00,0.00,0,0
1431580747,eth1,0.00,0.00,0.00,0,0,0.00,0.00,0.00,0,0,0.00,0.00,0,0
1431580747,s2,0.00,0.00,0.00,0,0,0.00,0.00,0.00,0,0,0.00,0.00,0,0
1431580747,s1-eth2,26202.00,1183430.00,1209632.00,1183430,26202,397.00,467.00,864.00,467,397,0.00,0.00,0,0
1431580747,s1-eth1,1180468.00,26268.00,1206736.00,26268,1180468,466.00,398.00,864.00,398,466,0.00,0.00,0,0
1431580747,s3,0.00,0.00,0.00,0,0,0.00,0.00,0.00,0,0,0.00,0.00,0,0
1431580747,lo,0.00,0.00,0.00,0,0,0.00,0.00,0.00,0,0,0.00,0.00,0,0
1431580747,s4,0.00,0.00,0.00,0,0,0.00,0.00,0.00,0,0,0.00,0.00,0,0
1431580747,total,1206670.00,1209698.00,2416368.00,1209698,1206670,863.00,865.00,1728.00,865,863,0.00,0.00,0,0
1431580748,s5,0.00,0.00,0.00,0,0,0.00,0.00,0.00,0,0,0.00,0.00,0,0
1431580748,s1,0.00,0.00,0.00,0,0,0.00,0.00,0.00,0,0,0.00,0.00,0,0
1431580748,eth0,304.00,490.00,794.00,490,304,4.00,4.00,8.00,4,4,0.00,0.00,0,0
1431580748,eth1,452.00,0.00,452.00,0,452,2.00,0.00,2.00,0,2,0.00,0.00,0,0
1431580748,s2,0.00,0.00,0.00,0,0,0.00,0.00,0.00,0,0,0.00,0.00,0,0
1431580748,s1-eth2,26400.00,1184866.00,1211266.00,1184866,26400,400.00,401.00,801.00,401,400,0.00,0.00,0,0
1431580748,s1-eth1,1188170.00,26400.00,1214570.00,26400,1188170,403.00,400.00,803.00,400,403,0.00,0.00,0,0
1431580748,s3,0.00,0.00,0.00,0,0,0.00,0.00,0.00,0,0,0.00,0.00,0,0
1431580748,lo,1542.00,1542.00,3084.00,1542,1542,23.00,23.00,46.00,23,23,0.00,0.00,0,0
1431580748,s4,0.00,0.00,0.00,0,0,0.00,0.00,0.00,0,0,0.00,0.00,0,0
1431580748,total,1216868.00,1213298.00,2430166.00,1213298,1216868,832.00,828.00,1660.00,828,832,0.00,0.00,0,0
1431580749,s5,0.00,0.00,0.00,0,0,0.00,0.00,0.00,0,0,0.00,0.00,0,0
1431580749,s1,0.00,0.00,0.00,0,0,0.00,0.00,0.00,0,0,0.00,0.00,0,0
1431580749,eth0,152.00,245.00,397.00,245,152,2.00,2.00,4.00,2,2,0.00,0.00,0,0
1431580749,eth1,188.00,0.00,188.00,0,188,2.00,0.00,2.00,0,2,0.00,0.00,0,0
1431580749,s2,0.00,0.00,0.00,0,0,0.00,0.00,0.00,0,0,0.00,0.00,0,0
1431580749,s1-eth2,26862.00,1202572.00,1229434.00,1202572,26862,407.00,406.00,813.00,406,407,0.00,0.00,0,0
1431580749,s1-eth1,1202572.00,26796.00,1229368.00,26796,1202572,406.00,406.00,812.00,406,406,0.00,0.00,0,0
1431580749,s3,0.00,0.00,0.00,0,0,0.00,0.00,0.00,0,0,0.00,0.00,0,0
1431580749,lo,341.00,341.00,682.00,341,341,4.00,4.00,8.00,4,4,0.00,0.00,0,0
1431580749,s4,0.00,0.00,0.00,0,0,0.00,0.00,0.00,0,0,0.00,0.00,0,0
1431580749,total,1230115.00,1229954.00,2460069.00,1229954,1230115,821.00,818.00,1639.00,818,821,0.00,0.00,0,0
1431580750,s5,0.00,0.00,0.00,0,0,0.00,0.00,0.00,0,0,0.00,0.00,0,0
1431580750,s1,0.00,0.00,0.00,0,0,0.00,0.00,0.00,0,0,0.00,0.00,0,0
1431580750,eth0,152.00,245.00,397.00,245,152,2.00,2.00,4.00,2,2,0.00,0.00,0,0
1431580750,eth1,2031.00,0.00,2031.00,0,2031,10.00,0.00,10.00,0,10,0.00,0.00,0,0
1431580750,s2,0.00,0.00,0.00,0,0,0.00,0.00,0.00,0,0,0.00,0.00,0,0
1431580750,s1-eth2,5082.00,165196.00,170278.00,165196,5082,77.00,58.00,135.00,58,77,0.00,0.00,0,0
1431580750,s1-eth1,221474.00,5082.00,226556.00,5082,221474,77.00,77.00,154.00,77,77,0.00,0.00,0,0
1431580750,s3,0.00,0.00,0.00,0,0,0.00,0.00,0.00,0,0,0.00,0.00,0,0
1431580750,lo,341.00,341.00,682.00,341,341,4.00,4.00,8.00,4,4,0.00,0.00,0,0
1431580750,s4,0.00,0.00,0.00,0,0,0.00,0.00,0.00,0,0,0.00,0.00,0,0
1431580750,total,229080.00,170864.00,399944.00,170864,229080,170.00,141.00,311.00,141,170,0.00,0.00,0,0
1431580751,s5,0.00,0.00,0.00,0,0,0.00,0.00,0.00,0,0,0.00,0.00,0,0
1431580751,s1,0.00,0.00,0.00,0,0,0.00,0.00,0.00,0,0,0.00,0.00,0,0
1431580751,eth0,151.70,244.51,396.21,245,152,2.00,2.00,3.99,2,2,0.00,0.00,0,0
1431580751,eth1,709.58,0.00,709.58,0,711,3.99,0.00,3.99,0,4,0.00,0.00,0,0
1431580751,s2,0.00,0.00,0.00,0,0,0.00,0.00,0.00,0,0,0.00,0.00,0,0
1431580751,s1-eth2,106.79,0.00,106.79,0,107,1.00,0.00,1.00,0,1,0.00,0.00,0,0
1431580751,s1-eth1,0.00,0.00,0.00,0,0,0.00,0.00,0.00,0,0,0.00,0.00,0,0
1431580751,s3,0.00,0.00,0.00,0,0,0.00,0.00,0.00,0,0,0.00,0.00,0,0
1431580751,lo,340.32,340.32,680.64,341,341,3.99,3.99,7.98,4,4,0.00,0.00,0,0
1431580751,s4,0.00,0.00,0.00,0,0,0.00,0.00,0.00,0,0,0.00,0.00,0,0
1431580751,total,1308.38,584.83,1893.21,586,1311,10.98,5.99,16.97,6,11,0.00,0.00,0,0
1431580752,s5,0.00,0.00,0.00,0,0,0.00,0.00,0.00,0,0,0.00,0.00,0,0
1431580752,s1,0.00,0.00,0.00,0,0,0.00,0.00,0.00,0,0,0.00,0.00,0,0
1431580752,eth0,0.00,0.00,0.00,0,0,0.00,0.00,0.00,0,0,0.00,0.00,0,0
1431580752,eth1,326.67,0.00,326.67,0,327,1.00,0.00,1.00,0,1,0.00,0.00,0,0
1431580752,s2,0.00,0.00,0.00,0,0,0.00,0.00,0.00,0,0,0.00,0.00,0,0
1431580752,s1-eth2,341.66,0.00,341.66,0,342,1.00,0.00,1.00,0,1,0.00,0.00,0,0
1431580752,s1-eth1,106.89,0.00,106.89,0,107,1.00,0.00,1.00,0,1,0.00,0.00,0,0
1431580752,s3,0.00,0.00,0.00,0,0,0.00,0.00,0.00,0,0,0.00,0.00,0,0
1431580752,lo,0.00,0.00,0.00,0,0,0.00,0.00,0.00,0,0,0.00,0.00,0,0
1431580752,s4,0.00,0.00,0.00,0,0,0.00,0.00,0.00,0,0,0.00,0.00,0,0
1431580752,total,775.22,0.00,775.22,0,776,3.00,0.00,3.00,0,3,0.00,0.00,0,0
1431580753,s5,0.00,0.00,0.00,0,0,0.00,0.00,0.00,0,0,0.00,0.00,0,0
1431580753,s1,0.00,0.00,0.00,0,0,0.00,0.00,0.00,0,0,0.00,0.00,0,0
1431580753,eth0,0.00,0.00,0.00,0,0,0.00,0.00,0.00,0,0,0.00,0.00,0,0
1431580753,eth1,374.00,0.00,374.00,0,374,2.00,0.00,2.00,0,2,0.00,0.00,0,0
1431580753,s2,0.00,0.00,0.00,0,0,0.00,0.00,0.00,0,0,0.00,0.00,0,0
1431580753,s1-eth2,0.00,0.00,0.00,0,0,0.00,0.00,0.00,0,0,0.00,0.00,0,0
1431580753,s1-eth1,0.00,0.00,0.00,0,0,0.00,0.00,0.00,0,0,0.00,0.00,0,0
1431580753,s3,0.00,0.00,0.00,0,0,0.00,0.00,0.00,0,0,0.00,0.00,0,0
1431580753,lo,860.00,860.00,1720.00,860,860,15.00,15.00,30.00,15,15,0.00,0.00,0,0
1431580753,s4,0.00,0.00,0.00,0,0,0.00,0.00,0.00,0,0,0.00,0.00,0,0
1431580753,total,1234.00,860.00,2094.00,860,1234,17.00,15.00,32.00,15,17,0.00,0.00,0,0
1431580754,s5,0.00,0.00,0.00,0,0,0.00,0.00,0.00,0,0,0.00,0.00,0,0
1431580754,s1,0.00,0.00,0.00,0,0,0.00,0.00,0.00,0,0,0.00,0.00,0,0
1431580754,eth0,0.00,0.00,0.00,0,0,0.00,0.00,0.00,0,0,0.00,0.00,0,0
1431580754,eth1,397.00,0.00,397.00,0,397,2.00,0.00,2.00,0,2,0.00,0.00,0,0
1431580754,s2,0.00,0.00,0.00,0,0,0.00,0.00,0.00,0,0,0.00,0.00,0,0
1431580754,s1-eth2,0.00,0.00,0.00,0,0,0.00,0.00,0.00,0,0,0.00,0.00,0,0
1431580754,s1-eth1,0.00,0.00,0.00,0,0,0.00,0.00,0.00,0,0,0.00,0.00,0,0
1431580754,s3,0.00,0.00,0.00,0,0