1431656236,s5,0.00,0.00,0.00,0,0,0.00,0.00,0.00,0,0,0.00,0.00,0,0
1431656236,s1,0.00,0.00,0.00,0,0,0.00,0.00,0.00,0,0,0.00,0.00,0,0
1431656236,eth0,0.00,0.00,0.00,0,0,0.00,0.00,0.00,0,0,0.00,0.00,0,0
1431656236,eth1,0.00,0.00,0.00,0,0,0.00,0.00,0.00,0,0,0.00,0.00,0,0
1431656236,s2,0.00,0.00,0.00,0,0,0.00,0.00,0.00,0,0,0.00,0.00,0,0
1431656236,s1-eth1,0.00,0.00,0.00,0,0,0.00,0.00,0.00,0,0,0.00,0.00,0,0
1431656236,s1-eth2,0.00,0.00,0.00,0,0,0.00,0.00,0.00,0,0,0.00,0.00,0,0
1431656236,s3,0.00,0.00,0.00,0,0,0.00,0.00,0.00,0,0,0.00,0.00,0,0
1431656236,s2-eth2,0.00,0.00,0.00,0,0,0.00,0.00,0.00,0,0,0.00,0.00,0,0
1431656236,s2-eth1,0.00,0.00,0.00,0,0,0.00,0.00,0.00,0,0,0.00,0.00,0,0
1431656236,lo,0.00,0.00,0.00,0,0,0.00,0.00,0.00,0,0,0.00,0.00,0,0
1431656236,s4,0.00,0.00,0.00,0,0,0.00,0.00,0.00,0,0,0.00,0.00,0,0
1431656236,s3-eth2,0.00,0.00,0.00,0,0,0.00,0.00,0.00,0,0,0.00,0.00,0,0
1431656236,s3-eth1,0.00,0.00,0.00,0,0,0.00,0.00,0.00,0,0,0.00,0.00,0,0
1431656236,total,0.00,0.00,0.00,0,0,0.00,0.00,0.00,0,0,0.00,0.00,0,0
1431656237,s5,0.00,0.00,0.00,0,0,0.00,0.00,0.00,0,0,0.00,0.00,0,0
1431656237,s1,250.00,2362.00,2612.00,2362,250,3.00,16.00,19.00,16,3,0.00,0.00,0,0
1431656237,eth0,0.00,0.00,0.00,0,0,0.00,0.00,0.00,0,0,0.00,0.00,0,0
1431656237,eth1,0.00,0.00,0.00,0,0,0.00,0.00,0.00,0,0,0.00,0.00,0,0
1431656237,s2,250.00,2707.00,2957.00,2707,250,3.00,17.00,20.00,17,3,0.00,0.00,0,0
1431656237,s1-eth1,59126.00,5583020.00,5642146.00,5583020,59126,865.00,914.00,1779.00,914,865,0.00,0.00,0,0
1431656237,s1-eth2,5572952.00,57910.00,5630862.00,57910,5572952,921.00,858.00,1779.00,858,921,0.00,0.00,0,0
1431656237,s3,250.00,3064.00,3314.00,3064,250,3.00,18.00,21.00,18,3,0.00,0.00,0,0
1431656237,s2-eth2,5574278.00,56475.00,5630753.00,56475,5574278,929.00,848.00,1777.00,848,929,0.00,0.00,0,0
1431656237,s2-eth1,57910.00,5572952.00,5630862.00,5572952,57910,858.00,921.00,1779.00,921,858,0.00,0.00,0,0
1431656237,lo,17150.00,17150.00,34300.00,17150,17150,164.00,164.00,328.00,164,164,0.00,0.00,0,0
1431656237,s4,0.00,0.00,0.00,0,0,0.00,0.00,0.00,0,0,0.00,0.00,0,0
1431656237,s3-eth2,56475.00,5574278.00,5630753.00,5574278,56475,848.00,929.00,1777.00,929,848,0.00,0.00,0,0
1431656237,s3-eth1,5568997.00,55572.00,5624569.00,55572,5568997,932.00,842.00,1774.00,842,932,0.00,0.00,0,0
1431656237,total,16907638.00,16925490.00,33833128.00,16925490,16907638,5526.00,5527.00,11053.00,5527,5526,0.00,0.00,0,0
1431656238,s5,0.00,0.00,0.00,0,0,0.00,0.00,0.00,0,0,0.00,0.00,0,0
1431656238,s1,0.00,1094.00,1094.00,1094,0,0.00,4.00,4.00,4,0,0.00,0.00,0,0
1431656238,eth0,0.00,0.00,0.00,0,0,0.00,0.00,0.00,0,0,0.00,0.00,0,0
1431656238,eth1,107.00,0.00,107.00,0,107,1.00,0.00,1.00,0,1,0.00,0.00,0,0
1431656238,s2,0.00,1094.00,1094.00,1094,0,0.00,4.00,4.00,4,0,0.00,0.00,0,0
1431656238,s1-eth1,74099.00,5721808.00,5795907.00,5721808,74099,1102.00,1284.00,2386.00,1284,1102,0.00,0.00,0,0
1431656238,s1-eth2,5729177.00,73694.00,5802871.00,73694,5729177,1282.00,1104.00,2386.00,1104,1282,0.00,0.00,0,0
1431656238,s3,0.00,996.00,996.00,996,0,0.00,3.00,3.00,3,0,0.00,0.00,0,0
1431656238,s2-eth2,5723724.00,73499.00,5797223.00,73499,5723724,1279.00,1105.00,2384.00,1105,1279,0.00,0.00,0,0
1431656238,s2-eth1,73694.00,5729177.00,5802871.00,5729177,73694,1104.00,1282.00,2386.00,1282,1104,0.00,0.00,0,0
1431656238,lo,3534.00,3534.00,7068.00,3534,3534,32.00,32.00,64.00,32,32,0.00,0.00,0,0
1431656238,s4,0.00,0.00,0.00,0,0,0.00,0.00,0.00,0,0,0.00,0.00,0,0
1431656238,s3-eth2,73499.00,5723724.00,5797223.00,5723724,73499,1105.00,1279.00,2384.00,1279,1105,0.00,0.00,0,0
1431656238,s3-eth1,5722461.00,72534.00,5794995.00,72534,5722461,1277.00,1099.00,2376.00,1099,1277,0.00,0.00,0,0
1431656238,total,17400296.00,17401154.00,34801448.00,17401154,17400295,7182.00,7196.00,14378.00,7196,7182,0.00,0.00,0,0
1431656239,s5,0.00,0.00,0.00,0,0,0.00,0.00,0.00,0,0,0.00,0.00,0,0
1431656239,s1,0.00,818.00,818.00,818,0,0.00,5.00,5.00,5,0,0.00,0.00,0,0
1431656239,eth0,0.00,0.00,0.00,0,0,0.00,0.00,0.00,0,0,0.00,0.00,0,0
1431656239,eth1,0.00,0.00,0.00,0,0,0.00,0.00,0.00,0,0,0.00,0.00,0,0
1431656239,s2,0.00,818.00,818.00,818,0,0.00,5.00,5.00,5,0,0.00,0.00,0,0
1431656239,s1-eth1,78610.00,5781362.00,5859972.00,5781362,78610,1180.00,1221.00,2401.00,1221,1180,0.00,0.00,0,0
1431656239,s1-eth2,5780156.00,77972.00,5858128.00,77972,5780156,1221.00,1174.00,2395.00,1174,1221,0.00,0.00,0,0
1431656239,s3,0.00,818.00,818.00,818,0,0.00,5.00,5.00,5,0,0.00,0.00,0,0
1431656239,s2-eth2,5790930.00,77598.00,5868528.00,77598,5790930,1227.00,1172.00,2399.00,1172,1227,0.00,0.00,0,0
1431656239,s2-eth1,77972.00,5780156.00,5858128.00,5780156,77972,1174.00,1221.00,2395.00,1221,1174,0.00,0.00,0,0
1431656239,lo,4590.00,4590.00,9180.00,4590,4590,45.00,45.00,90.00,45,45,0.00,0.00,0,0
1431656239,s4,0.00,0.00,0.00,0,0,0.00,0.00,0.00,0,0,0.00,0.00,0,0
1431656239,s3-eth2,77598.00,5790930.00,5868528.00,5790930,77598,1172.00,1227.00,2399.00,1227,1172,0.00,0.00,0,0
1431656239,s3-eth1,5794490.00,77422.00,5871912.00,77422,5794490,1230.00,1173.00,2403.00,1173,1230,0.00,0.00,0,0
1431656239,total,17604346.00,17592484.00,35196832.00,17592484,17604346,7249.00,7248.00,14497.00,7248,7249,0.00,0.00,0,0
1431656240,s5,0.00,0.00,0.00,0,0,0.00,0.00,0.00,0,0,0.00,0.00,0,0
1431656240,s1,0.00,1304.00,1304.00,1304,0,0.00,7.00,7.00,7,0,0.00,0.00,0,0
1431656240,eth0,0.00,0.00,0.00,0,0,0.00,0.00,0.00,0,0,0.00,0.00,0,0
1431656240,eth1,0.00,0.00,0.00,0,0,0.00,0.00,0.00,0,0,0.00,0.00,0,0
1431656240,s2,0.00,1304.00,1304.00,1304,0,0.00,7.00,7.00,7,0,0.00,0.00,0,0
1431656240,s1-eth1,74033.00,5677754.00,5751787.00,5677754,74033,1105.00,1143.00,2248.00,1143,1105,0.00,0.00,0,0
1431656240,s1-eth2,5678547.00,73636.00,5752183.00,73636,5678547,1151.00,1103.00,2254.00,1103,1151,0.00,0.00,0,0
1431656240,s3,0.00,864.00,864.00,864,0,0.00,5.00,5.00,5,0,0.00,0.00,0,0
1431656240,s2-eth2,5668808.00,73239.00,5742047.00,73239,5668808,1153.00,1101.00,2254.00,1101,1153,0.00,0.00,0,0
1431656240,s2-eth1,73636.00,5678547.00,5752183.00,5678547,73636,1103.00,1151.00,2254.00,1151,1103,0.00,0.00,0,0
1431656240,lo,5620.00,5620.00,11240.00,5620,5620,56.00,56.00,112.00,56,56,0.00,0.00,0,0
1431656240,s4,0.00,0.00,0.00,0,0,0.00,0.00,0.00,0,0,0.00,0.00,0,0
1431656240,s3-eth2,73239.00,5668808.00,5742047.00,5668808,73239,1101.00,1153.00,2254.00,1153,1101,0.00,0.00,0,0
1431656240,s3-eth1,5667624.00,72336.00,5739960.00,72336,5667624,1157.00,1096.00,2253.00,1096,1157,0.00,0.00,0,0
1431656240,total,17241508.00,17253412.00,34494920.00,17253412,17241507,6826.00,6822.00,13648.00,6822,6826,0.00,0.00,0,0
1431656241,s5,0.00,0.00,0.00,0,0,0.00,0.00,0.00,0,0,0.00,0.00,0,0
1431656241,s1,69.93,139.86,209.79,140,70,1.00,2.00,3.00,2,1,0.00,0.00,0,0
1431656241,eth0,0.00,0.00,0.00,0,0,0.00,0.00,0.00,0,0,0.00,0.00,0,0
1431656241,eth1,0.00,0.00,0.00,0,0,0.00,0.00,0.00,0,0,0.00,0.00,0,0
1431656241,s2,69.93,481.52,551.45,482,70,1.00,3.00,4.00,3,1,0.00,0.00,0,0
1431656241,s1-eth1,71088.91,5720811.50,5791900.50,5726532,71160,1076.92,1200.80,2277.72,1202,1078,0.00,0.00,0,0
1431656241,s1-eth2,5718000.00,71216.78,5789217.00,71288,5723718,1197.80,1078.92,2276.72,1080,1199,0.00,0.00,0,0
1431656241,s3,69.93,481.52,551.45,482,70,1.00,3.00,4.00,3,1,0.00,0.00,0,0
1431656241,s2-eth2,5717806.50,71344.66,5789151.00,71416,5723524,1194.81,1080.92,2275.72,1082,1196,0.00,0.00,0,0
1431656241,s2-eth1,71216.78,5718000.00,5789217.00,5723718,71288,1078.92,1197.80,2276.72,1199,1080,0.00,0.00,0,0
1431656241,lo,3300.70,3300.70,6601.40,3304,3304,36.96,36.96,73.93,37,37,0.00,0.00,0,0
1431656241,s4,0.00,0.00,0.00,0,0,0.00,0.00,0.00,0,0,0.00,0.00,0,0
1431656241,s3-eth2,71344.66,5717806.50,5789151.00,5723524,71416,1080.92,1194.81,2275.72,1196,1082,0.00,0.00,0,0
1431656241,s3-eth1,5716166.00,71604.40,5787770.50,71676,5721882,1191.81,1084.92,2276.72,1086,1193,0.00,0.00,0,0
1431656241,total,17369134.00,17375188.00,34744320.00,17392562,17386502,6861.14,6883.12,13744.26,6890,6868,0.00,0.00,0,0
1431656242,s5,0.00,0.00,0.00,0,0,0.00,0.00,0.00,0,0,0.00,0.00,0,0
1431656242,s1,0.00,0.00,0.00,0,0,0.00,0.00,0.00,0,0,0.00,0.00,0,0
1431656242,eth0,0.00,0.00,0.00,0,0,0.00,0.00,0.00,0,0,0.00,0.00,0,0
1431656242,eth1,0.00,0.00,0.00,0,0,0.00,0.00,0.00,0,0,0.00,0.00,0,0
1431656242,s2,0.00,0.00,0.00,0,0,0.00,0.00,0.00,0,0,0.00,0.00,0,0
1431656242,s1-eth1,67728.00,5744684.00,5812412.00,5744684,67728,1022.00,1126.00,2148.00,1126,1022,0.00,0.00,0,0
1431656242,s1-eth2,5744684.00,67386.00,5812070.00,67386,5744684,1126.00,1021.00,2147.00,1021,1126,0.00,0.00,0,0
1431656242,s3,0.00,0.00,0.00,0,0,0.00,0.00,0.00,0,0,0.00,0.00,0,0
1431656242,s2-eth2,5744684.00,67386.00,5812070.00,67386,5744684,1126.00,1021.00,2147.00,1021,1126,0.00,0.00,0,0
1431656242,s2-eth1,67386.00,5744684.00,5812070.00,5744684,67386,1021.00,1126.00,2147.00,1126,1021,0.00,0.00,0,0
1431656242,lo,0.00,0.00,0.00,0,0,0.00,0.00,0.00,0,0,0.00,0.00,0,0
1431656242,s4,0.00,0.00,0.00,0,0,0.00,0.00,0.00,0,0,0.00,0.00,0,0
1431656242,s3-eth2,67386.00,5744684.00,5812070.00,5744684,67386,1021.00,1126.00,2147.00,1126,1021,0.00,0.00,0,0
1431656242,s3-eth1,5744791.00,67320.00,5812111.00,67320,5744791,1127.00,1020.00,2147.00,1020,1127,0.00,0.00,0,0
1431656242,total,17436660.00,17436144.00,34872804.00,17436144,17436659,6443.00,6440.00,12883.00,6440,6443,0.00,0.00,0,0
1431656243,s5,0.00,0.00,0.00,0,0,0.00,0.00,0.00,0,0,0.00,0.00,0,0
1431656243,s1,0.00,284.00,284.00,284,0,0.00,3.00,3.00,3,0,0.00,0.00,0,0
1431656243,eth0,0.00,0.00,0.00,0,0,0.00,0.00,0.00,0,0,0.00,0.00,0,0
1431656243,eth1,0.00,0.00,0.00,0,0,0.00,0.00,0.00,0,0,0.00,0.00,0,0
1431656243,s2,0.00,284.00,284.00,284,0,0.00,3.00,3.00,3,0,0.00,0.00,0,0
1431656243,s1-eth1,88501.00,5784640.00,5873141.00,5784640,88501,1339.00,1512.00,2851.00,1512,1339,0.00,0.00,0,0
1431656243,s1-eth2,5764541.00,88196.00,5852737.00,88196,5764541,1514.00,1335.00,2849.00,1335,1514,0.00,0.00,0,0
1431656243,s3,0.00,284.00,284.00,284,0,0.00,3.00,3.00,3,0,0.00,0.00,0,0
1431656243,s2-eth2,5776628.00,87891.00,5864519.00,87891,5776628,1521.00,1331.00,2852.00,1331,1521,0.00,0.00,0,0
1431656243,s2-eth1,88196.00,5764541.00,5852737.00,5764541,88196,1335.00,1514.00,2849.00,1514,1335,0.00,0.00,0,0
1431656243,lo,2634.00,2634.00,5268.00,2634,2634,27.00,27.00,54.00,27,27,0.00,0.00,0,0
1431656243,s4,0.00,0.00,0.00,0,0,0.00,0.00,0.00,0,0,0.00,0.00,0,0
1431656243,s3-eth2,87891.00,5776628.00,5864519.00,5776628,87891,1331.00,1521.00,2852.00,1521,1331,0.00,0.00,0,0
1431656243,s3-eth1,5778752.00,87586.00,5866338.00,87586,5778752,1527.00,1327.00,2854.00,1327,1527,0.00,0.00,0,0
1431656243,total,17587144.00,17592968.00,35180112.00,17592968,17587143,8594.00,8576.00,17170.00,8576,8594,0.00,0.00,0,0
1431656244,s5,0.00,0.00,0.00,0,0,0.00,0.00,0.00,0,0,0.00,0.00,0,0
1431656244,s1,0.00,551.45,551.45,552,0,0.00,4.00,4.00,4,0,0.00,0.00,0,0
1431656244,eth0,0.00,0.00,0.00,0,0,0.00,0.00,0.00,0,0,0.00,0.00,0,0
1431656244,eth1,0.00,0.00,0.00,0,0,0.00,0.00,0.00,0,0,0.00,0.00,0,0
1431656244,s2,0.00,551.45,551.45,552,0,0.00,4.00,4.00,4,0,0.00,0.00,0,0
1431656244,s1-eth1,95232.77,5771536.50,5866769.50,5777308,95328,1438.56,1706.29,3144.86,1708,1440,0.00,0.00,0,0
1431656244,s1-eth2,5778917.00,95426.58,5874344.00,95522,5784696,1704.30,1441.56,3145.85,1443,1706,0.00,0.00,0,0
1431656244,s3,0.00,893.11,893.11,894,0,0.00,5.00,5.00,5,0,0.00,0.00,0,0
1431656244,s2-eth2,5767361.00,95212.79,5862573.50,95308,5773128,1700.30,1442.56,3142.86,1444,1702,0.00,0.00,0,0
1431656244,s2-eth1,95426.58,5778917.00,5874344.00,5784696,95522,1441.56,1704.30,3145.85,1706,1443,0.00,0.00,0,0
1431656244,lo,3712.29,3712.29,7424.58,3716,3716,38.96,38.96,77.92,39,39,0.00,0.00,0,0
1431656244,s4,0.00,0.00,0.00,0,0,0.00,0.00,0.00,0,0,0.00,0.00,0,0
1431656244,s3-eth2,95212.79,5767361.00,5862573.50,5773128,95308,1442.56,1700.30,3142.86,1702,1444,0.00,0.00,0,0
1431656244,s3-eth1,5770056.00,95208.80,5865265.00,95304,5775826,1697.30,1442.56,3139.86,1444,1699,0.00,0.00,0,0
1431656244,total,17605918.00,17609372.00,35215288.00,17626980,17623524,9463.54,9489.51,18953.05,9499,9473,0.00,0.00,0,0
1431656245,s5,0.00,0.00,0.00,0,0,0.00,0.00,0.00,0,0,0.00,0.00,0,0
1431656245,s1,70.00,482.00,552.00,482,70,1.00,3.00,4.00,3,1,0.00,0.00,0,0
1431656245,eth0,0.00,0.00,0.00,0,0,0.00,0.00,0.00,0,0,0.00,0.00,0,0
1431656245,eth1,0.00,0.00,0.00,0,0,0.00,0.00,0.00,0,0,0.00,0.00,0,0
1431656245,s2,70.00,482.00,552.00,482,70,1.00,3.00,4.00,3,1,0.00,0.00,0,0
1431656245,s1-eth1,82590.00,5806242.00,5888832.00,5806242,82590,1247.00,1225.00,2472.00,1225,1247,0.00,0.00,0,0
1431656245,s1-eth2,5799336.00,82190.00,5881526.00,82190,5799336,1230.00,1241.00,2471.00,1241,1230,0.00,0.00,0,0
1431656245,s3,70.00,140.00,210.00,140,70,1.00,2.00,3.00,2,1,0.00,0.00,0,0
1431656245,s2-eth2,5793812.00,81856.00,5875668.00,81856,5793812,1234.00,1236.00,2470.00,1236,1234,0.00,0.00,0,0
1431656245,s2-eth1,82190.00,5799336.00,5881526.00,5799336,82190,1241.00,1230.00,2471.00,1230,1241,0.00,0.00,0,0
1431656245,lo,3064.00,3064.00,6128.00,3064,3064,33.00,33.00,66.00,33,33,0.00,0.00,0,0
1431656245,s4,0.00,0.00,0.00,0,0,0.00,0.00,0.00,0,0,0.00,0.00,0,0
1431656245,s3-eth2,81856.00,5793812.00,5875668.00,5793812,81856,1236.00,1234.00,2470.00,1234,1236,0.00,0.00,0,0
1431656245,s3-eth1,5797042.00,81378.00,5878420.00,81378,5797042,1239.00,1233.00,2472.00,1233,1239,0.00,0.00,0,0
1431656245,total,17640100.00,17648982.00,35289080.00,17648982,17640100,7463.00,7440.00,14903.00,7440,7463,0.00,0.00,0,0
1431656246,s5,0.00,0.00,0.00,0,0,0.00,0.00,0.00,0,0,0.00,0.00,0,0
1431656246,s1,0.00,0.00,0.00,0,0,0.00,0.00,0.00,0,0,0.00,0.00,0,0
1431656246,eth0,0.00,0.00,0.00,0,0,0.00,0.00,0.00,0,0,0.00,0.00,0,0
1431656246,eth1,0.00,0.00,0.00,0,0,0.00,0.00,0.00,0,0,0.00,0.00,0,0
1431656246,s2,0.00,0.00,0.00,0,0,0.00,0.00,0.00,0,0,0.00,0.00,0,0
1431656246,s1-eth1,66066.00,5869716.00,5935782.00,5869716,66066,1001.00,1002.00,2003.00,1002,1001,0.00,0.00,0,0
1431656246,s1-eth2,5869716.00,66132.00,5935848.00,66132,5869716,1002.00,1002.00,2004.00,1002,1002,0.00,0.00,0,0
1431656246,s3,0.00,0.00,0.00,0,0,0.00,0.00,0.00,0,0,0.00,0.00,0,0
1431656246,s2-eth2,5875574.00,66132.00,5941706.00,66132,5875574,1003.00,1002.00,2005.00,1002,1003,0.00,0.00,0,0
1431656246,s2-eth1,66132.00,5869716.00,5935848.00,5869716,66132,1002.00,1002.00,2004.00,1002,1002,0.00,0.00,0,0
1431656246,lo,344.00,344.00,688.00,344,344,6.00,6.00,12.00,6,6,0.00,0.00,0,0
1431656246,s4,0.00,0.00,0.00,0,0,0.00,0.00,0.00,0,0,0.00,0.00,0,0
1431656246,s3-eth2,66132.00,5875574.00,5941706.00,5875574,66132,1002.00,1003.00,2005.00,1003,1002,0.00,0.00,0,0
1431656246,s3-eth1,5863858.00,66132.00,5929990.00,66132,5863858,1001.00,1002.00,2003.00,1002,1001,0.00,0.00,0,0
1431656246,total,17807822.00,17813746.00,35621568.00,17813746,17807822,6017.00,6019.00,12036.00,6019,6017,0.00,0.00,0,0
1431656247,s5,0.00,0.00,0.00,0,0,0.00,0.00,0.00,0,0,0.00,0.00,0,0
1431656247,s1,0.00,0.00,0.00,0,0,0.00,0.00,0.00,0,0,0.00,0.00,0,0
1431656247,eth0,0.00,0.00,0.00,0,0,0.00,0.00,0.00,0,0,0.00,0.00,0,0
1431656247,eth1,0.00,0.00,0.00,0,0,0.00,0.00,0.00,0,0,0.00,0.00,0,0
1431656247,s2,0.00,0.00,0.00,0,0,0.00,0.00,0.00,0,0,0.00,0.00,0,0
1431656247,s1-eth1,70302.00,5923798.00,5994100.00,5923798,70302,1061.00,1251.00,2312.00,1251,1061,0.00,0.00,0,0
1431656247,s1-eth2,5930774.00,70224.00,6000998.00,70224,5930774,1247.00,1064.00,2311.00,1064,1247,0.00,0.00,0,0
1431656247,s3,0.00,0.00,0.00,0,0,0.00,0.00,0.00,0,0,0.00,0.00,0,0
1431656247,s2-eth2,5930510.00,70488.00,6000998.00,70488,5930510,1243.00,1068.00,2311.00,1068,1243,0.00,0.00,0,0
1431656247,s2-eth1,70224.00,5930774.00,6000998.00,5930774,70224,1064.00,1247.00,2311.00,1247,1064,0.00,0.00,0,0
1431656247,lo,0.00,0.00,0.00,0,0,0.00,0.00,0.00,0,0,0.00,0.00,0,0
1431656247,s4,0.00,0.00,0.00,0,0,0.00,0.00,0.00,0,0,0.00,0.00,0,0
1431656247,s3-eth2,70488.00,5930510.00,6000998.00,5930510,70488,1068.00,1243.00,2311.00,1243,1068,0.00,0.00,0,0
1431656247,s3-eth1,5934656.00,70620.00,6005276.00,70620,5934656,1240.00,1070.00,2310.00,1070,1240,0.00,0.00,0,0
1431656247,total,18006954.00,17996414.00,36003368.00,17996414,18006954,6923.00,6943.00,13866.00,6943,6923,0.00,0.00,0,0
1431656248,s5,0.00,0.00,0.00,0,0,0.00,0.00,0.00,0,0,0.00,0.00,0,0
1431656248,s1,0.00,0.00,0.00,0,0,0.00,0.00,0.00,0,0,0.00,0.00,0,0
1431656248,eth0,0.00,0.00,0.00,0,0,0.00,0.00,0.00,0,0,0.00,0.00,0,0
1431656248,eth1,0.00,0.00,0.00,0,0,0.00,0.00,0.00,0,0,0.00,0.00,0,0
1431656248,s2,0.00,342.00,342.00,342,0,0.00,1.00,1.00,1,0,0.00,0.00,0,0
1431656248,s1-eth1,80916.00,5949260.00,6030176.00,5949260,80916,1226.00,1198.00,2424.00,1198,1226,0.00,0.00,0,0
1431656248,s1-eth2,5948484.00,80652.00,6029136.00,80652,5948484,1204.00,1222.00,2426.00,1222,1204,0.00,0.00,0,0
1431656248,s3,0.00,342.00,342.00,342,0,0.00,1.00,1.00,1,0,0.00,0.00,0,0
1431656248,s2-eth2,5948748.00,80388.00,6029136.00,80388,5948748,1208.00,1218.00,2426.00,1218,1208,0.00,0.00,0,0
1431656248,s2-eth1,80652.00,5948484.00,6029136.00,5948484,80652,1222.00,1204.00,2426.00,1204,1222,0.00,0.00,0,0
1431656248,lo,652.00,652.00,1304.00,652,652,6.00,6.00,12.00,6,6,0.00,0.00,0,0
1431656248,s4,0.00,0.00,0.00,0,0,0.00,0.00,0.00,0,0,0.00,0.00,0,0
1431656248,s3-eth2,80388.00,5948748.00,6029136.00,5948748,80388,1218.00,1208.00,2426.00,1208,1218,0.00,0.00,0,0
1431656248,s3-eth1,5950460.00,80256.00,6030716.00,80256,5950460,1212.00,1216.00,2428.00,1216,1212,0.00,0.00,0,0
1431656248,total,18090300.00,18089124.00,36179424.00,18089124,18090300,7296.00,7274.00,14570.00,7274,7296,0.00,0.00,0,0
1431656249,s5,0.00,0.00,0.00,0,0,0.00,0.00,0.00,0,0,0.00,0.00,0,0
1431656249,s1,0.00,0.00,0.00,0,0,0.00,0.00,0.00,0,0,0.00,0.00,0,0
1431656249,eth0,0.00,0.00,0.00,0,0,0.00,0.00,0.00,0,0,0.00,0.00,0,0
1431656249,eth1,0.00,0.00,0.00,0,0,0.00,0.00,0.00,0,0,0.00,0.00,0,0
1431656249,s2,0.00,0.00,0.00,0,0,0.00,0.00,0.00,0,0,0.00,0.00,0,0
1431656249,s1-eth1,69762.00,5896782.00,5966544.00,5896782,69762,1057.00,1083.00,2140.00,1083,1057,0.00,0.00,0,0
1431656249,s1-eth2,5893490.00,69960.00,5963450.00,69960,5893490,1077.00,1060.00,2137.00,1060,1077,0.00,0.00,0,0
1431656249,s3,0.00,0.00,0.00,0,0,0.00,0.00,0.00,0,0,0.00,0.00,0,0
1431656249,s2-eth2,5893226.00,70158.00,5963384.00,70158,5893226,1073.00,1063.00,2136.00,1063,1073,0.00,0.00,0,0
1431656249,s2-eth1,69960.00,5893490.00,5963450.00,5893490,69960,1060.00,1077.00,2137.00,1077,1060,0.00,0.00,0,0
1431656249,lo,0.00,0.00,0.00,0,0,0.00,0.00,0.00,0,0,0.00,0.00,0,0
1431656249,s4,0.00,0.00,0.00,0,0,0.00,0.00,0.00,0,0,0.00,0.00,0,0
1431656249,s3-eth2,70158.00,5893226.00,5963384.00,5893226,70158,1063.00,1073.00,2136.00,1073,1063,0.00,0.00,0,0
1431656249,s3-eth1,5895924.00,70356.00,5966280.00,70356,5895924,1070.00,1066.00,2136.00,1066,1070,0.00,0.00,0,0
1431656249,total,17892520.00,17893972.00,35786492.00,17893972,17892520,6400.00,6422.00,12822.00,6422,6400,0.00,0.00,0,0
1431656250,s5,0.00,0.00,0.00,0,0,0.00,0.00,0.00,0,0,0.00,0.00,0,0
1431656250,s1,0.00,0.00,0.00,0,0,0.00,0.00,0.00,0,0,0.00,0.00,0,0
1431656250,eth0,0.00,0.00,0.00,0,0,0.00,0.00,0.00,0,0,0.00,0.00,0,0
1431656250,eth1,0.00,0.00,0.00,0,0,0.00,0.00,0.00,0,0,0.00,0.00,0,0
1431656250,s2,0.00,0.00,0.00,0,0,0.00,0.00,0.00,0,0,0.00,0.00,0,0
1431656250,s1-eth1,72329.67,5972515.50,6044845.50,5978488,72402,1095.90,1222.78,2318.68,1224,1097,0.00,0.00,0,0
1431656250,s1-eth2,5976855.50,72131.87,6048987.00,72204,5982832,1222.78,1092.91,2315.68,1094,1224,0.00,0.00,0,0
1431656250,s3,0.00,0.00,0.00,0,0,0.00,0.00,0.00,0,0,0.00,0.00,0,0
1431656250,s2-eth2,5982971.00,72000.00,6054971.00,72072,5988954,1227.77,1090.91,2318.68,1092,1229,0.00,0.00,0,0
1431656250,s2-eth1,72131.87,5976855.50,6048987.00,5982832,72204,1092.91,1222.78,2315.68,1224,1094,0.00,0.00,0,0
1431656250,lo,515.48,515.48,1030.97,516,516,8.99,8.99,17.98,9,9,0.00,0.00,0,0
1431656250,s4,0.00,0.00,0.00,0,0,0.00,0.00,0.00,0,0,0.00,0.00,0,0
1431656250,s3-eth2,72000.00,5982971.00,6054971.00,5988954,72072,1090.91,1227.77,2318.68,1229,1092,0.00,0.00,0,0
1431656250,s3-eth1,5980383.00,71802.20,6052185.00,71874,5986363,1231.77,1087.91,2319.68,1089,1233,0.00,0.00,0,0
1431656250,total,18157188.00,18148792.00,36305980.00,18166940,18175343,6971.03,6954.05,13925.08,6961,6978,0.00,0.00,0,0
1431656251,s5,0.00,0.00,0.00,0,0,0.00,0.00,0.00,0,0,0.00,0.00,0,0
1431656251,s1,0.00,214.00,214.00,214,0,0.00,2.00,2.00,2,0,0.00,0.00,0,0
1431656251,eth0,0.00,0.00,0.00,0,0,0.00,0.00,0.00,0,0,0.00,0.00,0,0
1431656251,eth1,0.00,0.00,0.00,0,0,0.00,0.00,0.00,0,0,0.00,0.00,0,0
1431656251,s2,0.00,214.00,214.00,214,0,0.00,2.00,2.00,2,0,0.00,0.00,0,0
1431656251,s1-eth1,75363.00,5923616.00,5998979.00,5923616,75363,1140.00,1336.00,2476.00,1336,1140,0.00,0.00,0,0
1431656251,s1-eth2,5922671.00,75256.00,5997927.00,75256,5922671,1343.00,1139.00,2482.00,1139,1343,0.00,0.00,0,0
1431656251,s3,0.00,214.00,214.00,214,0,0.00,2.00,2.00,2,0,0.00,0.00,0,0
1431656251,s2-eth2,5916920.00,75149.00,5992069.00,75149,5916920,1343.00,1138.00,2481.00,1138,1343,0.00,0.00,0,0
1431656251,s2-eth1,75256.00,5922671.00,5997927.00,5922671,75256,1139.00,1343.00,2482.00,1343,1139,0.00,0.00,0,0
1431656251,lo,1830.00,1830.00,3660.00,1830,1830,18.00,18.00,36.00,18,18,0.00,0.00,0,0
1431656251,s4,0.00,0.00,0.00,0,0,0.00,0.00,0.00,0,0,0.00,0.00,0,0
1431656251,s3-eth2,75149.00,5916920.00,5992069.00,5916920,75149,1138.00,1343.00,2481.00,1343,1138,0.00,0.00,0,0
1431656251,s3-eth1,5922778.00,75042.00,5997820.00,75042,5922778,1344.00,1137.00,2481.00,1137,1344,0.00,0.00,0,0
1431656251,total,17989968.00,17991126.00,35981092.00,17991126,17989967,7465.00,7460.00,14925.00,7460,7465,0.00,0.00,0,0
1431656252,s5,0.00,0.00,0.00,0,0,0.00,0.00,0.00,0,0,0.00,0.00,0,0
1431656252,s1,0.00,0.00,0.00,0,0,0.00,0.00,0.00,0,0,0.00,0.00,0,0
1431656252,eth0,0.00,0.00,0.00,0,0,0.00,0.00,0.00,0,0,0.00,0.00,0,0
1431656252,eth1,342.00,0.00,342.00,0,342,1.00,0.00,1.00,0,1,0.00,0.00,0,0
1431656252,s2,0.00,0.00,0.00,0,0,0.00,0.00,0.00,0,0,0.00,0.00,0,0
1431656252,s1-eth1,75966.00,5979396.00,6055362.00,5979396,75966,1151.00,1150.00,2301.00,1150,1151,0.00,0.00,0,0
1431656252,s1-eth2,5979396.00,75966.00,6055362.00,75966,5979396,1150.00,1151.00,2301.00,1151,1150,0.00,0.00,0,0
1431656252,s3,0.00,0.00,0.00,0,0,0.00,0.00,0.00,0,0,0.00,0.00,0,0
1431656252,s2-eth2,5985254.00,75900.00,6061154.00,75900,5985254,1151.00,1150.00,2301.00,1150,1151,0.00,0.00,0,0
1431656252,s2-eth1,75966.00,5979396.00,6055362.00,5979396,75966,1151.00,1150.00,2301.00,1150,1151,0.00,0.00,0,0
1431656252,lo,0.00,0.00,0.00,0,0,0.00,0.00,0.00,0,0,0.00,0.00,0,0
1431656252,s4,0.00,0.00,0.00,0,0,0.00,0.00,0.00,0,0,0.00,0.00,0,0
1431656252,s3-eth2,75900.00,5985254.00,6061154.00,5985254,75900,1150.00,1151.00,2301.00,1151,1150,0.00,0.00,0,0
1431656252,s3-eth1,5979396.00,75966.00,6055362.00,75966,5979396,1150.00,1151.00,2301.00,1151,1150,0.00,0.00,0,0
1431656252,total,18172220.00,18171878.00,36344096.00,18171878,18172220,6904.00,6903.00,13807.00,6903,6904,0.00,0.00,0,0
1431656253,s5,0.00,0.00,0.00,0,0,0.00,0.00,0.00,0,0,0.00,0.00,0,0
1431656253,s1,0.00,0.00,0.00,0,0,0.00,0.00,0.00,0,0,0.00,0.00,0,0
1431656253,eth0,0.00,0.00,0.00,0,0,0.00,0.00,0.00,0,0,0.00,0.00,0,0
1431656253,eth1,0.00,0.00,0.00,0,0,0.00,0.00,0.00,0,0,0.00,0.00,0,0
1431656253,s2,0.00,0.00,0.00,0,0,0.00,0.00,0.00,0,0,0.00,0.00,0,0
1431656253,s1-eth1,65868.13,5852148.00,5918016.00,5858000,65934,998.00,999.00,1997.00,1000,999,0.00,0.00,0,0
1431656253,s1-eth2,5846296.00,65868.13,5912164.00,65934,5852142,998.00,998.00,1996.00,999,999,0.00,0.00,0,0
1431656253,s3,0.00,0.00,0.00,0,0,0.00,0.00,0.00,0,0,0.00,0.00,0,0
1431656253,s2-eth2,5840443.50,65868.13,5906312.00,65934,5846284,997.00,998.00,1995.01,999,998,0.00,0.00,0,0
1431656253,s2-eth1,65868.13,5846296.00,5912164.00,5852142,65934,998.00,998.00,1996.00,999,999,0.00,0.00,0,0
1431656253,lo,0.00,0.00,0.00,0,0,0.00,0.00,0.00,0,0,0.00,0.00,0,0
1431656253,s4,0.00,0.00,0.00,0,0,0.00,0.00,0.00,0,0,0.00,0.00,0,0
1431656253,s3-eth2,65868.13,5840443.50,5906312.00,5846284,65934,998.00,997.00,1995.01,998,999,0.00,0.00,0,0
1431656253,s3-eth1,5840443.50,65802.20,5906246.00,65868,5846284,997.00,997.00,1994.01,998,998,0.00,0.00,0,0
1431656253,total,17724788.00,17736426.00,35461212.00,17754162,17742512,5986.01,5987.01,11973.03,5993,5992,0.00,0.00,0,0
1431656254,s5,0.00,0.00,0.00,0,0,0.00,0.00,0.00,0,0,0.00,0.00,0,0
1431656254,s1,0.00,0.00,0.00,0,0,0.00,0.00,0.00,0,0,0.00,0.00,0,0
1431656254,eth0,0.00,0.00,0.00,0,0,0.00,0.00,0.00,0,0,0.00,0.00,0,0
1431656254,eth1,107.00,0.00,107.00,0,107,1.00,0.00,1.00,0,1,0.00,0.00,0,0
1431656254,s2,0.00,0.00,0.00,0,0,0.00,0.00,0.00,0,0,0.00,0.00,0,0
1431656254,s1-eth1,74052.00,5943406.00,6017458.00,5943406,74052,1122.00,1219.00,2341.00,1219,1122,0.00,0.00,0,0
1431656254,s1-eth2,5949264.00,74316.00,6023580.00,74316,5949264,1220.00,1126.00,2346.00,1126,1220,0.00,0.00,0,0
1431656254,s3,0.00,342.00,342.00,342,0,0.00,1.00,1.00,1,0,0.00,0.00,0,0
1431656254,s2-eth2,5946446.00,74514.00,6020960.00,74514,5946446,1217.00,1129.00,2346.00,1129,1217,0.00,0.00,0,0
1431656254,s2-eth1,74316.00,5949264.00,6023580.00,5949264,74316,1126.00,1220.00,2346.00,1220,1126,0.00,0.00,0,0
1431656254,lo,326.00,326.00,652.00,326,326,3.00,3.00,6.00,3,3,0.00,0.00,0,0
1431656254,s4,0.00,0.00,0.00,0,0,0.00,0.00,0.00,0,0,0.00,0.00,0,0
1431656254,s3-eth2,74514.00,5946446.00,6020960.00,5946446,74514,1129.00,1217.00,2346.00,1217,1129,0.00,0.00,0,0
1431656254,s3-eth1,5949144.00,74778.00,6023922.00,74778,5949144,1214.00,1133.00,2347.00,1133,1214,0.00,0.00,0,0
1431656254,total,18068168.00,18063392.00,36131560.00,18063392,18068169,7032.00,7048.00,14080.00,7048,7032,0.00,0.00,0,0
1431656255,s5,0.00,0.00,0.00,0,0,0.00,0.00,0.00,0,0,0.00,0.00,0,0
1431656255,s1,0.00,0.00,0.00,0,0,0.00,0.00,0.00,0,0,0.00,0.00,0,0
1431656255,eth0,0.00,0.00,0.00,0,0,0.00,0.00,0.00,0,0,0.00,0.00,0,0
1431656255,eth1,0.00,0.00,0.00,0,0,0.00,0.00,0.00,0,0,0.00,0.00,0,0
1431656255,s2,0.00,0.00,0.00,0,0,0.00,0.00,0.00,0,0,0.00,0.00,0,0
1431656255,s1-eth1,67320.00,5845892.00,5913212.00,5845892,67320,1020.00,1014.00,2034.00,1014,1020,0.00,0.00,0,0
1431656255,s1-eth2,5846350.00,67056.00,5913406.00,67056,5846350,999.00,1016.00,2015.00,1016,999,0.00,0.00,0,0
1431656255,s3,0.00,0.00,0.00,0,0,0.00,0.00,0.00,0,0,0.00,0.00,0,0
1431656255,s2-eth2,5849444.00,66858.00,5916302.00,66858,5849444,1002.00,1013.00,2015.00,1013,1002,0.00,0.00,0,0
1431656255,s2-eth1,67056.00,5846350.00,5913406.00,5846350,67056,1016.00,999.00,2015.00,999,1016,0.00,0.00,0,0
1431656255,lo,688.00,688.00,1376.00,688,688,12.00,12.00,24.00,12,12,0.00,0.00,0,0
1431656255,s4,0.00,0.00,0.00,0,0,0.00,0.00,0.00,0,0,0.00,0.00,0,0
1431656255,s3-eth2,66858.00,5849444.00,5916302.00,5849444,66858,1013.00,1002.00,2015.00,1002,1013,0.00,0.00,0,0
1431656255,s3-eth1,5847088.00,66594.00,5913682.00,66594,5847088,1006.00,1009.00,2015.00,1009,1006,0.00,0.00,0,0
1431656255,total,17744804.00,17742882.00,35487688.00,17742882,17744804,6068.00,6065.00,12133.00,6065,6068,0.00,0.00,0,0
1431656256,s5,0.00,0.00,0.00,0,0,0.00,0.00,0.00,0,0,0.00,0.00,0,0
1431656256,s1,0.00,0.00,0.00,0,0,0.00,0.00,0.00,0,0,0.00,0.00,0,0
1431656256,eth0,0.00,0.00,0.00,0,0,0.00,0.00,0.00,0,0,0.00,0.00,0,0
1431656256,eth1,0.00,0.00,0.00,0,0,0.00,0.00,0.00,0,0,0.00,0.00,0,0
1431656256,s2,0.00,0.00,0.00,0,0,0.00,0.00,0.00,0,0,0.00,0.00,0,0
1431656256,s1-eth1,73590.00,5963430.00,6037020.00,5963430,73590,1115.00,1303.00,2418.00,1303,1115,0.00,0.00,0,0
1431656256,s1-eth2,5964090.00,73788.00,6037878.00,73788,5964090,1313.00,1118.00,2431.00,1118,1313,0.00,0.00,0,0
1431656256,s3,0.00,0.00,0.00,0,0,0.00,0.00,0.00,0,0,0.00,0.00,0,0
1431656256,s2-eth2,5959482.00,74052.00,6033534.00,74052,5959482,1309.00,1122.00,2431.00,1122,1309,0.00,0.00,0,0
1431656256,s2-eth1,73788.00,5964090.00,6037878.00,5964090,73788,1118.00,1313.00,2431.00,1313,1118,0.00,0.00,0,0
1431656256,lo,0.00,0.00,0.00,0,0,0.00,0.00,0.00,0,0,0.00,0.00,0,0
1431656256,s4,0.00,0.00,0.00,0,0,0.00,0.00,0.00,0,0,0.00,0.00,0,0
1431656256,s3-eth2,74052.00,5959482.00,6033534.00,5959482,74052,1122.00,1309.00,2431.00,1309,1122,0.00,0.00,0,0
1431656256,s3-eth1,5962180.00,74316.00,6036496.00,74316,5962180,1306.00,1126.00,2432.00,1126,1306,0.00,0.00,0,0
1431656256,total,18107182.00,18109158.00,36216340.00,18109158,18107182,7283.00,7291.00,14574.00,7291,7283,0.00,0.00,0,0
1431656257,s5,0.00,0.00,0.00,0,0,0.00,0.00,0.00,0,0,0.00,0.00,0,0
1431656257,s1,0.00,342.00,342.00,342,0,0.00,1.00,1.00,1,0,0.00,0.00,0,0
1431656257,eth0,0.00,0.00,0.00,0,0,0.00,0.00,0.00,0,0,0.00,0.00,0,0
1431656257,eth1,0.00,0.00,0.00,0,0,0.00,0.00,0.00,0,0,0.00,0.00,0,0
1431656257,s2,0.00,0.00,0.00,0,0,0.00,0.00,0.00,0,0,0.00,0.00,0,0
1431656257,s1-eth1,68454.00,5893894.00,5962348.00,5893894,68454,1033.00,1127.00,2160.00,1127,1033,0.00,0.00,0,0
1431656257,s1-eth2,5892776.00,68256.00,5961032.00,68256,5892776,1132.00,1030.00,2162.00,1030,1132,0.00,0.00,0,0
1431656257,s3,0.00,0.00,0.00,0,0,0.00,0.00,0.00,0,0,0.00,0.00,0,0
1431656257,s2-eth2,5879612.00,67650.00,5947262.00,67650,5879612,1130.00,1025.00,2155.00,1025,1130,0.00,0.00,0,0
1431656257,s2-eth1,68256.00,5892776.00,5961032.00,5892776,68256,1030.00,1132.00,2162.00,1132,1030,0.00,0.00,0,0
1431656257,lo,326.00,326.00,652.00,326,326,3.00,3.00,6.00,3,3,0.00,0.00,0,0
1431656257,s4,0.00,0.00,0.00,0,0,0.00,0.00,0.00,0,0,0.00,0.00,0,0
1431656257,s3-eth2,67650.00,5879612.00,5947262.00,5879612,67650,1025.00,1130.00,2155.00,1130,1025,0.00,0.00,0,0
1431656257,s3-eth1,5875202.00,67386.00,5942588.00,67386,5875202,1129.00,1021.00,2150.00,1021,1129,0.00,0.00,0,0
1431656257,total,17852276.00,17870242.00,35722520.00,17870242,17852276,6482.00,6469.00,12951.00,6469,6482,0.00,0.00,0,0
1431656258,s5,0.00,0.00,0.00,0,0,0.00,0.00,0.00,0,0,0.00,0.00,0,0
1431656258,s1,0.00,0.00,0.00,0,0,0.00,0.00,0.00,0,0,0.00,0.00,0,0
1431656258,eth0,0.00,0.00,0.00,0,0,0.00,0.00,0.00,0,0,0.00,0.00,0,0
1431656258,eth1,0.00,0.00,0.00,0,0,0.00,0.00,0.00,0,0,0.00,0.00,0,0
1431656258,s2,0.00,0.00,0.00,0,0,0.00,0.00,0.00,0,0,0.00,0.00,0,0
1431656258,s1-eth1,75546.00,5950346.00,6025892.00,5950346,75546,1145.00,1149.00,2294.00,1149,1145,0.00,0.00,0,0
1431656258,s1-eth2,5938630.00,75546.00,6014176.00,75546,5938630,1147.00,1145.00,2292.00,1145,1147,0.00,0.00,0,0
1431656258,s3,0.00,0.00,0.00,0,0,0.00,0.00,0.00,0,0,0.00,0.00,0,0
1431656258,s2-eth2,5938894.00,75546.00,6014440.00,75546,5938894,1151.00,1145.00,2296.00,1145,1151,0.00,0.00,0,0
1431656258,s2-eth1,75546.00,5938630.00,6014176.00,5938630,75546,1145.00,1147.00,2292.00,1147,1145,0.00,0.00,0,0
1431656258,lo,888.00,888.00,1776.00,888,888,9.00,9.00,18.00,9,9,0.00,0.00,0,0
1431656258,s4,0.00,0.00,0.00,0,0,0.00,0.00,0.00,0,0,0.00,0.00,0,0
1431656258,s3-eth2,75546.00,5938894.00,6014440.00,5938894,75546,1145.00,1151.00,2296.00,1151,1145,0.00,0.00,0,0
1431656258,s3-eth1,5940606.00,75480.00,6016086.00,75480,5940606,1155.00,1144.00,2299.00,1144,1155,0.00,0.00,0,0
1431656258,total,18045656.00,18055330.00,36100984.00,18055330,18045656,6897.00,6890.00,13787.00,6890,6897,0.00,0.00,0,0
1431656259,s5,0.00,0.00,0.00,0,0,0.00,0.00,0.00,0,0,0.00,0.00,0,0
1431656259,s1,0.00,342.00,342.00,342,0,0.00,1.00,1.00,1,0,0.00,0.00,0,0
1431656259,eth0,0.00,0.00,0.00,0,0,0.00,0.00,0.00,0,0,0.00,0.00,0,0
1431656259,eth1,0.00,0.00,0.00,0,0,0.00,0.00,0.00,0,0,0.00,0.00,0,0
1431656259,s2,0.00,684.00,684.00,684,0,0.00,2.00,2.00,2,0,0.00,0.00,0,0
1431656259,s1-eth1,67344.00,5928296.00,5995640.00,5928296,67344,1012.00,1012.00,2024.00,1012,1012,0.00,0.00,0,0
1431656259,s1-eth2,5928638.00,67002.00,5995640.00,67002,5928638,1013.00,1011.00,2024.00,1011,1013,0.00,0.00,0,0
1431656259,s3,0.00,342.00,342.00,342,0,0.00,1.00,1.00,1,0,0.00,0.00,0,0
1431656259,s2-eth2,5928638.00,67002.00,5995640.00,67002,5928638,1013.00,1011.00,2024.00,1011,1013,0.00,0.00,0,0
1431656259,s2-eth1,67002.00,5928638.00,5995640.00,5928638,67002,1011.00,1013.00,2024.00,1013,1011,0.00,0.00,0,0
1431656259,lo,1304.00,1304.00,2608.00,1304,1304,12.00,12.00,24.00,12,12,0.00,0.00,0,0
1431656259,s4,0.00,0.00,0.00,0,0,0.00,0.00,0.00,0,0,0.00,0.00,0,0
1431656259,s3-eth2,67002.00,5928638.00,5995640.00,5928638,67002,1011.00,1013.00,2024.00,1013,1011,0.00,0.00,0,0
1431656259,s3-eth1,5922780.00,66726.00,5989506.00,66726,5922780,1012.00,1011.00,2023.00,1011,1012,0.00,0.00,0,0
1431656259,total,17982708.00,17988974.00,35971680.00,17988974,17982708,6084.00,6087.00,12171.00,6087,6084,0.00,0.00,0,0
1431656260,s5,0.00,0.00,0.00,0,0,0.00,0.00,0.00,0,0,0.00,0.00,0,0
1431656260,s1,0.00,0.00,0.00,0,0,0.00,0.00,0.00,0,0,0.00,0.00,0,0
1431656260,eth0,0.00,0.00,0.00,0,0,0.00,0.00,0.00,0,0,0.00,0.00,0,0
1431656260,eth1,0.00,0.00,0.00,0,0,0.00,0.00,0.00,0,0,0.00,0.00,0,0
1431656260,s2,0.00,0.00,0.00,0,0,0.00,0.00,0.00,0,0,0.00,0.00,0,0
1431656260,s1-eth1,66594.00,5899006.00,5965600.00,5899006,66594,1009.00,1007.00,2016.00,1007,1009,0.00,0.00,0,0
1431656260,s1-eth2,5904864.00,66594.00,5971458.00,66594,5904864,1008.00,1009.00,2017.00,1009,1008,0.00,0.00,0,0
1431656260,s3,0.00,342.00,342.00,342,0,0.00,1.00,1.00,1,0,0.00,0.00,0,0
1431656260,s2-eth2,5905206.00,66660.00,5971866.00,66660,5905206,1009.00,1010.00,2019.00,1010,1009,0.00,0.00,0,0
1431656260,s2-eth1,66594.00,5904864.00,5971458.00,5904864,66594,1009.00,1008.00,2017.00,1008,1009,0.00,0.00,0,0
1431656260,lo,670.00,670.00,1340.00,670,670,9.00,9.00,18.00,9,9,0.00,0.00,0,0
1431656260,s4,0.00,0.00,0.00,0,0,0.00,0.00,0.00,0,0,0.00,0.00,0,0
1431656260,s3-eth2,66660.00,5905206.00,5971866.00,5905206,66660,1010.00,1009.00,2019.00,1009,1010,0.00,0.00,0,0
1431656260,s3-eth1,5911064.00,66660.00,5977724.00,66660,5911064,1010.00,1010.00,2020.00,1010,1010,0.00,0.00,0,0
1431656260,total,17921652.00,17910002.00,35831656.00,17910002,17921652,6064.00,6063.00,12127.00,6063,6064,0.00,0.00,0,0
1431656261,s5,0.00,0.00,0.00,0,0,0.00,0.00,0.00,0,0,0.00,0.00,0,0
1431656261,s1,0.00,0.00,0.00,0,0,0.00,0.00,0.00,0,0,0.00,0.00,0,0
1431656261,eth0,0.00,0.00,0.00,0,0,0.00,0.00,0.00,0,0,0.00,0.00,0,0
1431656261,eth1,0.00,0.00,0.00,0,0,0.00,0.00,0.00,0,0,0.00,0.00,0,0
1431656261,s2,0.00,0.00,0.00,0,0,0.00,0.00,0.00,0,0,0.00,0.00,0,0
1431656261,s1-eth1,66132.00,5875574.00,5941706.00,5875574,66132,1002.00,1003.00,2005.00,1003,1002,0.00,0.00,0,0
1431656261,s1-eth2,5875574.00,66198.00,5941772.00,66198,5875574,1003.00,1003.00,2006.00,1003,1003,0.00,0.00,0,0
1431656261,s3,0.00,0.00,0.00,0,0,0.00,0.00,0.00,0,0,0.00,0.00,0,0
1431656261,s2-eth2,5875574.00,66132.00,5941706.00,66132,5875574,1003.00,1002.00,2005.00,1002,1003,0.00,0.00,0,0
1431656261,s2-eth1,66198.00,5875574.00,5941772.00,5875574,66198,1003.00,1003.00,2006.00,1003,1003,0.00,0.00,0,0
1431656261,lo,0.00,0.00,0.00,0,0,0.00,0.00,0.00,0,0,0.00,0.00,0,0
1431656261,s4,0.00,0.00,0.00,0,0,0.00,0.00,0.00,0,0,0.00,0.00,0,0
1431656261,s3-eth2,66132.00,5875574.00,5941706.00,5875574,66132,1002.00,1003.00,2005.00,1003,1002,0.00,0.00,0,0
1431656261,s3-eth1,5875574.00,66132.00,5941706.00,66132,5875574,1003.00,1002.00,2005.00,1002,1003,0.00,0.00,0,0
1431656261,total,17825184.00,17825184.00,35650368.00,17825184,17825184,6016.00,6016.00,12032.00,6016,6016,0.00,0.00,0,0
1431656262,s5,0.00,0.00,0.00,0,0,0.00,0.00,0.00,0,0,0.00,0.00,0,0
1431656262,s1,0.00,0.00,0.00,0,0,0.00,0.00,0.00,0,0,0.00,0.00,0,0
1431656262,eth0,0.00,0.00,0.00,0,0,0.00,0.00,0.00,0,0,0.00,0.00,0,0
1431656262,eth1,0.00,0.00,0.00,0,0,0.00,0.00,0.00,0,0,0.00,0.00,0,0
1431656262,s2,0.00,0.00,0.00,0,0,0.00,0.00,0.00,0,0,0.00,0.00,0,0
1431656262,s1-eth1,76230.00,6012022.00,6088252.00,6012022,76230,1155.00,1403.00,2558.00,1403,1155,0.00,0.00,0,0
1431656262,s1-eth2,6006164.00,76164.00,6082328.00,76164,6006164,1402.00,1154.00,2556.00,1154,1402,0.00,0.00,0,0
1431656262,s3,0.00,0.00,0.00,0,0,0.00,0.00,0.00,0,0,0.00,0.00,0,0
1431656262,s2-eth2,6000306.00,76164.00,6076470.00,76164,6000306,1401.00,1154.00,2555.00,1154,1401,0.00,0.00,0,0
1431656262,s2-eth1,76164.00,6006164.00,6082328.00,6006164,76164,1154.00,1402.00,2556.00,1402,1154,0.00,0.00,0,0
1431656262,lo,0.00,0.00,0.00,0,0,0.00,0.00,0.00,0,0,0.00,0.00,0,0
1431656262,s4,0.00,0.00,0.00,0,0,0.00,0.00,0.00,0,0,0.00,0.00,0,0
1431656262,s3-eth2,76164.00,6000306.00,6076470.00,6000306,76164,1154.00,1401.00,2555.00,1401,1154,0.00,0.00,0,0
1431656262,s3-eth1,5994316.00,76164.00,6070480.00,76164,5994316,1398.00,1154.00,2552.00,1154,1398,0.00,0.00,0,0
1431656262,total,18229344.00,18246984.00,36476328.00,18246984,18229344,7664.00,7668.00,15332.00,7668,7664,0.00,0.00,0,0
1431656263,s5,0.00,0.00,0.00,0,0,0.00,0.00,0.00,0,0,0.00,0.00,0,0
1431656263,s1,0.00,0.00,0.00,0,0,0.00,0.00,0.00,0,0,0.00,0.00,0,0
1431656263,eth0,0.00,0.00,0.00,0,0,0.00,0.00,0.00,0,0,0.00,0.00,0,0
1431656263,eth1,0.00,0.00,0.00,0,0,0.00,0.00,0.00,0,0,0.00,0.00,0,0
1431656263,s2,0.00,0.00,0.00,0,0,0.00,0.00,0.00,0,0,0.00,0.00,0,0
1431656263,s1-eth1,82566.00,5950864.00,6033430.00,5950864,82566,1251.00,1332.00,2583.00,1332,1251,0.00,0.00,0,0
1431656263,s1-eth2,5954878.00,82764.00,6037642.00,82764,5954878,1327.00,1254.00,2581.00,1254,1327,0.00,0.00,0,0
1431656263,s3,0.00,0.00,0.00,0,0,0.00,0.00,0.00,0,0,0.00,0.00,0,0
1431656263,s2-eth2,5951586.00,82962.00,6034548.00,82962,5951586,1321.00,1257.00,2578.00,1257,1321,0.00,0.00,0,0
1431656263,s2-eth1,82764.00,5954878.00,6037642.00,5954878,82764,1254.00,1327.00,2581.00,1327,1254,0.00,0.00,0,0
1431656263,lo,344.00,344.00,688.00,344,344,6.00,6.00,12.00,6,6,0.00,0.00,0,0
1431656263,s4,0.00,0.00,0.00,0,0,0.00,0.00,0.00,0,0,0.00,0.00,0,0
1431656263,s3-eth2,82962.00,5951586.00,6034548.00,5951586,82962,1257.00,1321.00,2578.00,1321,1257,0.00,0.00,0,0
1431656263,s3-eth1,5960274.00,83160.00,6043434.00,83160,5960274,1321.00,1260.00,2581.00,1260,1321,0.00,0.00,0,0
1431656263,total,18115374.00,18106558.00,36221932.00,18106558,18115374,7737.00,7757.00,15494.00,7757,7737,0.00,0.00,0,0
1431656264,s5,0.00,0.00,0.00,0,0,0.00,0.00,0.00,0,0,0.00,0.00,0,0
1431656264,s1,0.00,0.00,0.00,0,0,0.00,0.00,0.00,0,0,0.00,0.00,0,0
1431656264,eth0,0.00,0.00,0.00,0,0,0.00,0.00,0.00,0,0,0.00,0.00,0,0
1431656264,eth1,0.00,0.00,0.00,0,0,0.00,0.00,0.00,0,0,0.00,0.00,0,0
1431656264,s2,0.00,0.00,0.00,0,0,0.00,0.00,0.00,0,0,0.00,0.00,0,0
1431656264,s1-eth1,71214.00,5876044.00,5947258.00,5876044,71214,1079.00,1054.00,2133.00,1054,1079,0.00,0.00,0,0
1431656264,s1-eth2,5872030.00,71016.00,5943046.00,71016,5872030,1059.00,1076.00,2135.00,1076,1059,0.00,0.00,0,0
1431656264,s3,0.00,0.00,0.00,0,0,0.00,0.00,0.00,0,0,0.00,0.00,0,0
1431656264,s2-eth2,5869464.00,70884.00,5940348.00,70884,5869464,1064.00,1074.00,2138.00,1074,1064,0.00,0.00,0,0
1431656264,s2-eth1,71016.00,5872030.00,5943046.00,5872030,71016,1076.00,1059.00,2135.00,1059,1076,0.00,0.00,0,0
1431656264,lo,172.00,172.00,344.00,172,172,3.00,3.00,6.00,3,3,0.00,0.00,0,0
1431656264,s4,0.00,0.00,0.00,0,0,0.00,0.00,0.00,0,0,0.00,0.00,0,0
1431656264,s3-eth2,70884.00,5869464.00,5940348.00,5869464,70884,1074.00,1064.00,2138.00,1064,1074,0.00,0.00,0,0
1431656264,s3-eth1,5872624.00,70686.00,5943310.00,70686,5872624,1068.00,1071.00,2139.00,1071,1068,0.00,0.00,0,0
1431656264,total,17827404.00,17830296.00,35657700.00,17830296,17827404,6423.00,6401.00,12824.00,6401,6423,0.00,0.00,0,0
1431656265,s5,0.00,0.00,0.00,0,0,0.00,0.00,0.00,0,0,0.00,0.00,0,0
1431656265,s1,0.00,0.00,0.00,0,0,0.00,0.00,0.00,0,0,0.00,0.00,0,0
1431656265,eth0,0.00,0.00,0.00,0,0,0.00,0.00,0.00,0,0,0.00,0.00,0,0
1431656265,eth1,0.00,0.00,0.00,0,0,0.00,0.00,0.00,0,0,0.00,0.00,0,0
1431656265,s2,0.00,0.00,0.00,0,0,0.00,0.00,0.00,0,0,0.00,0.00,0,0
1431656265,s1-eth1,72138.00,5867500.00,5939638.00,5867500,72138,1093.00,1122.00,2215.00,1122,1093,0.00,0.00,0,0
1431656265,s1-eth2,5867104.00,72402.00,5939506.00,72402,5867104,1116.00,1097.00,2213.00,1097,1116,0.00,0.00,0,0
1431656265,s3,0.00,0.00,0.00,0,0,0.00,0.00,0.00,0,0,0.00,0.00,0,0
1431656265,s2-eth2,5869670.00,72600.00,5942270.00,72600,5869670,1111.00,1100.00,2211.00,1100,1111,0.00,0.00,0,0
1431656265,s2-eth1,72402.00,5867104.00,5939506.00,5867104,72402,1097.00,1116.00,2213.00,1116,1097,0.00,0.00,0,0
1431656265,lo,344.00,344.00,688.00,344,344,6.00,6.00,12.00,6,6,0.00,0.00,0,0
1431656265,s4,0.00,0.00,0.00,0,0,0.00,0.00,0.00,0,0,0.00,0.00,0,0
1431656265,s3-eth2,72600.00,5869670.00,5942270.00,5869670,72600,1100.00,1111.00,2211.00,1111,1100,0.00,0.00,0,0
1431656265,s3-eth1,5862100.00,72864.00,5934964.00,72864,5862100,1106.00,1104.00,2210.00,1104,1106,0.00,0.00,0,0
1431656265,total,17816358.00,17822484.00,35638840.00,17822484,17816358,6629.00,6656.00,13285.00,6656,6629,0.00,0.00,0,0
1431656266,s5,0.00,0.00,0.00,0,0,0.00,0.00,0.00,0,0,0.00,0.00,0,0
1431656266,s1,0.00,0.00,0.00,0,0,0.00,0.00,0.00,0,0,0.00,0.00,0,0
1431656266,eth0,0.00,0.00,0.00,0,0,0.00,0.00,0.00,0,0,0.00,0.00,0,0
1431656266,eth1,342.00,0.00,342.00,0,342,1.00,0.00,1.00,0,1,0.00,0.00,0,0
1431656266,s2,0.00,0.00,0.00,0,0,0.00,0.00,0.00,0,0,0.00,0.00,0,0
1431656266,s1-eth1,76824.00,5930374.00,6007198.00,5930374,76824,1164.00,1219.00,2383.00,1219,1164,0.00,0.00,0,0
1431656266,s1-eth2,5930374.00,76758.00,6007132.00,76758,5930374,1219.00,1163.00,2382.00,1163,1219,0.00,0.00,0,0
1431656266,s3,0.00,0.00,0.00,0,0,0.00,0.00,0.00,0,0,0.00,0.00,0,0
1431656266,s2-eth2,5925964.00,76692.00,6002656.00,76692,5925964,1218.00,1162.00,2380.00,1162,1218,0.00,0.00,0,0
1431656266,s2-eth1,76758.00,5930374.00,6007132.00,5930374,76758,1163.00,1219.00,2382.00,1219,1163,0.00,0.00,0,0
1431656266,lo,0.00,0.00,0.00,0,0,0.00,0.00,0.00,0,0,0.00,0.00,0,0
1431656266,s4,0.00,0.00,0.00,0,0,0.00,0.00,0.00,0,0,0.00,0.00,0,0
1431656266,s3-eth2,76692.00,5925964.00,6002656.00,5925964,76692,1162.00,1218.00,2380.00,1218,1162,0.00,0.00,0,0
1431656266,s3-eth1,5926071.00,76626.00,6002697.00,76626,5926071,1219.00,1161.00,2380.00,1161,1219,0.00,0.00,0,0
1431656266,total,18013024.00,18016788.00,36029812.00,18016788,18013025,7146.00,7142.00,14288.00,7142,7146,0.00,0.00,0,0
1431656267,s5,0.00,0.00,0.00,0,0,0.00,0.00,0.00,0,0,0.00,0.00,0,0
1431656267,s1,0.00,214.00,214.00,214,0,0.00,2.00,2.00,2,0,0.00,0.00,0,0
1431656267,eth0,0.00,0.00,0.00,0,0,0.00,0.00,0.00,0,0,0.00,0.00,0,0
1431656267,eth1,0.00,0.00,0.00,0,0,0.00,0.00,0.00,0,0,0.00,0.00,0,0
1431656267,s2,0.00,214.00,214.00,214,0,0.00,2.00,2.00,2,0,0.00,0.00,0,0
1431656267,s1-eth1,70017.00,5907994.00,5978011.00,5907994,70017,1059.00,1209.00,2268.00,1209,1059,0.00,0.00,0,0
1431656267,s1-eth2,5902639.00,69712.00,5972351.00,69712,5902639,1215.00,1055.00,2270.00,1055,1215,0.00,0.00,0,0
1431656267,s3,0.00,214.00,214.00,214,0,0.00,2.00,2.00,2,0,0.00,0.00,0,0
1431656267,s2-eth2,5904590.00,69473.00,5974063.00,69473,5904590,1222.00,1052.00,2274.00,1052,1222,0.00,0.00,0,0
1431656267,s2-eth1,69712.00,5902639.00,5972351.00,5902639,69712,1055.00,1215.00,2270.00,1215,1055,0.00,0.00,0,0
1431656267,lo,1830.00,1830.00,3660.00,1830,1830,18.00,18.00,36.00,18,18,0.00,0.00,0,0
1431656267,s4,0.00,0.00,0.00,0,0,0.00,0.00,0.00,0,0,0.00,0.00,0,0
1431656267,s3-eth2,69473.00,5904590.00,5974063.00,5904590,69473,1052.00,1222.00,2274.00,1222,1052,0.00,0.00,0,0
1431656267,s3-eth1,5906302.00,69168.00,5975470.00,69168,5906302,1226.00,1048.00,2274.00,1048,1226,0.00,0.00,0,0
1431656267,total,17924564.00,17926048.00,35850612.00,17926048,17924563,6847.00,6825.00,13672.00,6825,6847,0.00,0.00,0,0
1431656268,s5,0.00,0.00,0.00,0,0,0.00,0.00,0.00,0,0,0.00,0.00,0,0
1431656268,s1,0.00,0.00,0.00,0,0,0.00,0.00,0.00,0,0,0.00,0.00,0,0
1431656268,eth0,0.00,0.00,0.00,0,0,0.00,0.00,0.00,0,0,0.00,0.00,0,0
1431656268,eth1,0.00,0.00,0.00,0,0,0.00,0.00,0.00,0,0,0.00,0.00,0,0
1431656268,s2,0.00,0.00,0.00,0,0,0.00,0.00,0.00,0,0,0.00,0.00,0,0
1431656268,s1-eth1,77682.00,5982626.00,6060308.00,5982626,77682,1177.00,1177.00,2354.00,1177,1177,0.00,0.00,0,0
1431656268,s1-eth2,5982626.00,77748.00,6060374.00,77748,5982626,1177.00,1178.00,2355.00,1178,1177,0.00,0.00,0,0
1431656268,s3,0.00,342.00,342.00,342,0,0.00,1.00,1.00,1,0,0.00,0.00,0,0
1431656268,s2-eth2,5988826.00,77682.00,6066508.00,77682,5988826,1179.00,1177.00,2356.00,1177,1179,0.00,0.00,0,0
1431656268,s2-eth1,77748.00,5982626.00,6060374.00,5982626,77748,1178.00,1177.00,2355.00,1177,1178,0.00,0.00,0,0
1431656268,lo,326.00,326.00,652.00,326,326,3.00,3.00,6.00,3,3,0.00,0.00,0,0
1431656268,s4,0.00,0.00,0.00,0,0,0.00,0.00,0.00,0,0,0.00,0.00,0,0
1431656268,s3-eth2,77682.00,5988826.00,6066508.00,5988826,77682,1177.00,1179.00,2356.00,1179,1177,0.00,0.00,0,0
1431656268,s3-eth1,5988826.00,77682.00,6066508.00,77682,5988826,1179.00,1177.00,2356.00,1177,1179,0.00,0.00,0,0
1431656268,total,18193716.00,18187858.00,36381576.00,18187858,18193716,7070.00,7069.00,14139.00,7069,7070,0.00,0.00,0,0
1431656269,s5,0.00,0.00,0.00,0,0,0.00,0.00,0.00,0,0,0.00,0.00,0,0
1431656269,s1,0.00,0.00,0.00,0,0,0.00,0.00,0.00,0,0,0.00,0.00,0,0
1431656269,eth0,0.00,0.00,0.00,0,0,0.00,0.00,0.00,0,0,0.00,0.00,0,0
1431656269,eth1,0.00,0.00,0.00,0,0,0.00,0.00,0.00,0,0,0.00,0.00,0,0
1431656269,s2,0.00,0.00,0.00,0,0,0.00,0.00,0.00,0,0,0.00,0.00,0,0
1431656269,s1-eth1,65868.27,5816515.00,5882383.50,5828148,66000,998.00,1159.68,2157.68,1162,1000,0.00,0.00,0,0
1431656269,s1-eth2,5816515.00,65802.40,5882317.50,65934,5828148,1159.68,997.01,2156.69,999,1162,0.00,0.00,0,0
1431656269,s3,0.00,0.00,0.00,0,0,0.00,0.00,0.00,0,0,0.00,0.00,0,0
1431656269,s2-eth2,5816515.00,65802.40,5882317.50,65934,5828148,1159.68,997.01,2156.69,999,1162,0.00,0.00,0,0
1431656269,s2-eth1,65802.40,5816515.00,5882317.50,5828148,65934,997.01,1159.68,2156.69,1162,999,0.00,0.00,0,0
1431656269,lo,0.00,0.00,0.00,0,0,0.00,0.00,0.00,0,0,0.00,0.00,0,0
1431656269,s4,0.00,0.00,0.00,0,0,0.00,0.00,0.00,0,0,0.00,0.00,0,0
1431656269,s3-eth2,65802.40,5816515.00,5882317.50,5828148,65934,997.01,1159.68,2156.69,1162,999,0.00,0.00,0,0
1431656269,s3-eth1,5816515.00,65868.27,5882383.50,66000,5828148,1159.68,998.00,2157.68,1000,1162,0.00,0.00,0,0
1431656269,total,17647018.00,17647018.00,35294036.00,17682312,17682312,6471.06,6471.06,12942.12,6484,6484,0.00,0.00,0,0
1431656270,s5,0.00,0.00,0.00,0,0,0.00,0.00,0.00,0,0,0.00,0.00,0,0
1431656270,s1,0.00,0.00,0.00,0,0,0.00,0.00,0.00,0,0,0.00,0.00,0,0
1431656270,eth0,0.00,0.00,0.00,0,0,0.00,0.00,0.00,0,0,0.00,0.00,0,0
1431656270,eth1,639.36,0.00,639.36,0,640,4.00,0.00,4.00,0,4,0.00,0.00,0,0
1431656270,s2,0.00,0.00,0.00,0,0,0.00,0.00,0.00,0,0,0.00,0.00,0,0
1431656270,s1-eth1,77538.46,5842567.50,5920106.00,5848410,77616,1174.83,1467.53,2642.36,1469,1176,0.00,0.00,0,0
1431656270,s1-eth2,5848024.00,77802.20,5925826.50,77880,5853872,1462.54,1178.82,2641.36,1180,1464,0.00,0.00,0,0
1431656270,s3,0.00,0.00,0.00,0,0,0.00,0.00,0.00,0,0,0.00,0.00,0,0
1431656270,s2-eth2,5840330.00,78065.94,5918396.00,78144,5846170,1455.54,1182.82,2638.36,1184,1457,0.00,0.00,0,0
1431656270,s2-eth1,77802.20,5848024.00,5925826.50,5853872,77880,1178.82,1462.54,2641.36,1464,1180,0.00,0.00,0,0
1431656270,lo,343.66,343.66,687.31,344,344,5.99,5.99,11.99,6,6,0.00,0.00,0,0
1431656270,s4,0.00,0.00,0.00,0,0,0.00,0.00,0.00,0,0,0.00,0.00,0,0
1431656270,s3-eth2,78065.94,5840330.00,5918396.00,5846170,78144,1182.82,1455.54,2638.36,1457,1184,0.00,0.00,0,0
1431656270,s3-eth1,5843367.00,78197.80,5921564.50,78276,5849210,1453.55,1184.82,2638.36,1186,1455,0.00,0.00,0,0
1431656270,total,17766110.00,17765332.00,35531440.00,17783096,17783876,7918.08,7938.06,15856.14,7946,7926,0.00,0.00,0,0
1431656271,s5,0.00,0.00,0.00,0,0,0.00,0.00,0.00,0,0,0.00,0.00,0,0
1431656271,s1,0.00,0.00,0.00,0,0,0.00,0.00,0.00,0,0,0.00,0.00,0,0
1431656271,eth0,0.00,0.00,0.00,0,0,0.00,0.00,0.00,0,0,0.00,0.00,0,0
1431656271,eth1,1779.00,0.00,1779.00,0,1779,10.00,0.00,10.00,0,10,0.00,0.00,0,0
1431656271,s2,0.00,0.00,0.00,0,0,0.00,0.00,0.00,0,0,0.00,0.00,0,0
1431656271,s1-eth1,87846.00,5870890.00,5958736.00,5870890,87846,1331.00,1305.00,2636.00,1305,1331,0.00,0.00,0,0
1431656271,s1-eth2,5871286.00,87780.00,5959066.00,87780,5871286,1311.00,1330.00,2641.00,1330,1311,0.00,0.00,0,0
1431656271,s3,0.00,0.00,0.00,0,0,0.00,0.00,0.00,0,0,0.00,0.00,0,0
1431656271,s2-eth2,5878988.00,87516.00,5966504.00,87516,5878988,1318.00,1326.00,2644.00,1326,1318,0.00,0.00,0,0
1431656271,s2-eth1,87780.00,5871286.00,5959066.00,5871286,87780,1330.00,1311.00,2641.00,1311,1330,0.00,0.00,0,0
1431656271,lo,344.00,344.00,688.00,344,344,6.00,6.00,12.00,6,6,0.00,0.00,0,0
1431656271,s4,0.00,0.00,0.00,0,0,0.00,0.00,0.00,0,0,0.00,0.00,0,0
1431656271,s3-eth2,87516.00,5878988.00,5966504.00,5878988,87516,1326.00,1318.00,2644.00,1318,1326,0.00,0.00,0,0
1431656271,s3-eth1,5870432.00,87318.00,5957750.00,87318,5870432,1320.00,1323.00,2643.00,1323,1320,0.00,0.00,0,0
1431656271,total,17885972.00,17884122.00,35770092.00,17884122,17885971,7952.00,7919.00,15871.00,7919,7952,0.00,0.00,0,0
1431656272,s5,0.00,0.00,0.00,0,0,0.00,0.00,0.00,0,0,0.00,0.00,0,0
1431656272,s1,0.00,0.00,0.00,0,0,0.00,0.00,0.00,0,0,0.00,0.00,0,0
1431656272,eth0,0.00,0.00,0.00,0,0,0.00,0.00,0.00,0,0,0.00,0.00,0,0
1431656272,eth1,963.00,0.00,963.00,0,963,4.00,0.00,4.00,0,4,0.00,0.00,0,0
1431656272,s2,0.00,0.00,0.00,0,0,0.00,0.00,0.00,0,0,0.00,0.00,0,0
1431656272,s1-eth1,67188.00,5957586.00,6024774.00,5957586,67188,1018.00,1017.00,2035.00,1017,1018,0.00,0.00,0,0
1431656272,s1-eth2,5951728.00,67056.00,6018784.00,67056,5951728,1016.00,1016.00,2032.00,1016,1016,0.00,0.00,0,0
1431656272,s3,0.00,0.00,0.00,0,0,0.00,0.00,0.00,0,0,0.00,0.00,0,0
1431656272,s2-eth2,5951728.00,67056.00,6018784.00,67056,5951728,1016.00,1016.00,2032.00,1016,1016,0.00,0.00,0,0
1431656272,s2-eth1,67056.00,5951728.00,6018784.00,5951728,67056,1016.00,1016.00,2032.00,1016,1016,0.00,0.00,0,0
1431656272,lo,172.00,172.00,344.00,172,172,3.00,3.00,6.00,3,3,0.00,0.00,0,0
1431656272,s4,0.00,0.00,0.00,0,0,0.00,0.00,0.00,0,0,0.00,0.00,0,0
1431656272,s3-eth2,67056.00,5951728.00,6018784.00,5951728,67056,1016.00,1016.00,2032.00,1016,1016,0.00,0.00,0,0
1431656272,s3-eth1,5945870.00,66990.00,6012860.00,66990,5945870,1015.00,1015.00,2030.00,1015,1015,0.00,0.00,0,0
1431656272,total,18051760.00,18062316.00,36114076.00,18062316,18051761,6104.00,6099.00,12203.00,6099,6104,0.00,0.00,0,0
1431656273,s5,0.00,0.00,0.00,0,0,0.00,0.00,0.00,0,0,0.00,0.00,0,0
1431656273,s1,0.00,0.00,0.00,0,0,0.00,0.00,0.00,0,0,0.00,0.00,0,0
1431656273,eth0,0.00,0.00,0.00,0,0,0.00,0.00,0.00,0,0,0.00,0.00,0,0
1431656273,eth1,327.00,0.00,327.00,0,327,1.00,0.00,1.00,0,1,0.00,0.00,0,0
1431656273,s2,0.00,0.00,0.00,0,0,0.00,0.00,0.00,0,0,0.00,0.00,0,0
1431656273,s1-eth1,67068.00,5922438.00,5989506.00,5922438,67068,1012.00,1011.00,2023.00,1011,1012,0.00,0.00,0,0
1431656273,s1-eth2,5922438.00,66660.00,5989098.00,66660,5922438,1011.00,1010.00,2021.00,1010,1011,0.00,0.00,0,0
1431656273,s3,0.00,0.00,0.00,0,0,0.00,0.00,0.00,0,0,0.00,0.00,0,0
1431656273,s2-eth2,5922438.00,66660.00,5989098.00,66660,5922438,1011.00,1010.00,2021.00,1010,1011,0.00,0.00,0,0
1431656273,s2-eth1,66660.00,5922438.00,5989098.00,5922438,66660,1010.00,1011.00,2021.00,1011,1010,0.00,0.00,0,0
1431656273,lo,0.00,0.00,0.00,0,0,0.00,0.00,0.00,0,0,0.00,0.00,0,0
1431656273,s4,0.00,0.00,0.00,0,0,0.00,0.00,0.00,0,0,0.00,0.00,0,0
1431656273,s3-eth2,66660.00,5922438.00,5989098.00,5922438,66660,1010.00,1011.00,2021.00,1011,1010,0.00,0.00,0,0
1431656273,s3-eth1,5928296.00,66792.00,5995088.00,66792,5928296,1012.00,1012.00,2024.00,1012,1012,0.00,0.00,0,0
1431656273,total,17973888.00,17967426.00,35941312.00,17967426,17973887,6067.00,6065.00,12132.00,6065,6067,0.00,0.00,0,0
1431656274,s5,0.00,0.00,0.00,0,0,0.00,0.00,0.00,0,0,0.00,0.00,0,0
1431656274,s1,0.00,0.00,0.00,0,0,0.00,0.00,0.00,0,0,0.00,0.00,0,0
1431656274,eth0,0.00,0.00,0.00,0,0,0.00,0.00,0.00,0,0,0.00,0.00,0,0
1431656274,eth1,374.00,0.00,374.00,0,374,2.00,0.00,2.00,0,2,0.00,0.00,0,0
1431656274,s2,0.00,0.00,0.00,0,0,0.00,0.00,0.00,0,0,0.00,0.00,0,0
1431656274,s1-eth1,66066.00,5858000.00,5924066.00,5858000,66066,1001.00,1000.00,2001.00,1000,1001,0.00,0.00,0,0
1431656274,s1-eth2,5852142.00,66000.00,5918142.00,66000,5852142,999.00,1000.00,1999.00,1000,999,0.00,0.00,0,0
1431656274,s3,0.00,0.00,0.00,0,0,0.00,0.00,0.00,0,0,0.00,0.00,0,0
1431656274,s2-eth2,5852142.00,66000.00,5918142.00,66000,5852142,999.00,1000.00,1999.00,1000,999,0.00,0.00,0,0
1431656274,s2-eth1,66000.00,5852142.00,5918142.00,5852142,66000,1000.00,999.00,1999.00,999,1000,0.00,0.00,0,0
1431656274,lo,0.00,0.00,0.00,0,0,0.00,0.00,0.00,0,0,0.00,0.00,0,0
1431656274,s4,0.00,0.00,0.00,0,0,0.00,0.00,0.00,0,0,0.00,0.00,0,0
1431656274,s3-eth2,66000.00,5852142.00,5918142.00,5852142,66000,1000.00,999.00,1999.00,999,1000,0.00,0.00,0,0
1431656274,s3-eth1,5852142.00,65934.00,5918076.00,65934,5852142,999.00,999.00,1998.00,999,999,0.00,0.00,0,0
1431656274,total,17754866.00,17760218.00,35515084.00,17760218,17754866,6000.00,5997.00,11997.00,5997,6000,0.00,0.00,0,0
1431656275,s5,0.00,0.00,0.00,0,0,0.00,0.00,0.00,0,0,0.00,0.00,0,0
1431656275,s1,0.00,342.00,342.00,342,0,0.00,1.00,1.00,1,0,0.00,0.00,0,0
1431656275,eth0,0.00,0.00,0.00,0,0,0.00,0.00,0.00,0,0,0.00,0.00,0,0
1431656275,eth1,397.00,0.00,397.00,0,397,2.00,0.00,2.00,0,2,0.00,0.00,0,0
1431656275,s2,0.00,342.00,342.00,342,0,0.00,1.00,1.00,1,0,0.00,0.00,0,0
1431656275,s1-eth1,68652.00,5927998.00,5996650.00,5927998,68652,1036.00,1183.00,2219.00,1183,1036,0.00,0.00,0,0
1431656275,s1-eth2,5934908.00,68916.00,6003824.00,68916,5934908,1178.00,1040.00,2218.00,1040,1178,0.00,0.00,0,0
1431656275,s3,0.00,0.00,0.00,0,0,0.00,0.00,0.00,0,0,0.00,0.00,0,0
1431656275,s2-eth2,5931616.00,69180.00,6000796.00,69180,5931616,1172.00,1044.00,2216.00,1044,1172,0.00,0.00,0,0
1431656275,s2-eth1,68916.00,5934908.00,6003824.00,5934908,68916,1040.00,1178.00,2218.00,1178,1040,0.00,0.00,0,0
1431656275,lo,996.00,996.00,1992.00,996,996,12.00,12.00,24.00,12,12,0.00,0.00,0,0
1431656275,s4,0.00,0.00,0.00,0,0,0.00,0.00,0.00,0,0,0.00,0.00,0,0
1431656275,s3-eth2,69180.00,5931616.00,6000796.00,5931616,69180,1044.00,1172.00,2216.00,1172,1044,0.00,0.00,0,0
1431656275,s3-eth1,5931352.00,68970.00,6000322.00,68970,5931352,1168.00,1045.00,2213.00,1045,1168,0.00,0.00,0,0
1431656275,total,18006016.00,18003268.00,36009284.00,18003268,18006017,6652.00,6676.00,13328.00,6676,6652,0.00,0.00,0,0
1431656276,s5,0.00,0.00,0.00,0,0,0.00,0.00,0.00,0,0,0.00,0.00,0,0
1431656276,s1,0.00,342.00,342.00,342,0,0.00,1.00,1.00,1,0,0.00,0.00,0,0
1431656276,eth0,0.00,0.00,0.00,0,0,0.00,0.00,0.00,0,0,0.00,0.00,0,0
1431656276,eth1,0.00,0.00,0.00,0,0,0.00,0.00,0.00,0,0,0.00,0.00,0,0
1431656276,s2,0.00,342.00,342.00,342,0,0.00,1.00,1.00,1,0,0.00,0.00,0,0
1431656276,s1-eth1,75648.00,5914624.00,5990272.00,5914624,75648,1142.00,1112.00,2254.00,1112,1142,0.00,0.00,0,0
1431656276,s1-eth2,5908056.00,75450.00,5983506.00,75450,5908056,1118.00,1139.00,2257.00,1139,1118,0.00,0.00,0,0
1431656276,s3,0.00,342.00,342.00,342,0,0.00,1.00,1.00,1,0,0.00,0.00,0,0
1431656276,s2-eth2,5917206.00,74844.00,5992050.00,74844,5917206,1125.00,1134.00,2259.00,1134,1125,0.00,0.00,0,0
1431656276,s2-eth1,75450.00,5908056.00,5983506.00,5908056,75450,1139.00,1118.00,2257.00,1118,1139,0.00,0.00,0,0
1431656276,lo,978.00,978.00,1956.00,978,978,9.00,9.00,18.00,9,9,0.00,0.00,0,0
1431656276,s4,0.00,0.00,0.00,0,0,0.00,0.00,0.00,0,0,0.00,0.00,0,0
1431656276,s3-eth2,74844.00,5917206.00,5992050.00,5917206,74844,1134.00,1125.00,2259.00,1125,1134,0.00,0.00,0,0
1431656276,s3-eth1,5917470.00,74646.00,5992116.00,74646,5917470,1129.00,1131.00,2260.00,1131,1129,0.00,0.00,0,0
1431656276,total,17969652.00,17966830.00,35936480.00,17966830,17969652,6796.00,6771.00,13567.00,6771,6796,0.00,0.00,0,0
1431656277,s5,0.00,0.00,0.00,0,0,0.00,0.00,0.00,0,0,0.00,0.00,0,0
1431656277,s1,0.00,0.00,0.00,0,0,0.00,0.00,0.00,0,0,0.00,0.00,0,0
1431656277,eth0,0.00,0.00,0.00,0,0,0.00,0.00,0.00,0,0,0.00,0.00,0,0
1431656277,eth1,0.00,0.00,0.00,0,0,0.00,0.00,0.00,0,0,0.00,0.00,0,0
1431656277,s2,0.00,0.00,0.00,0,0,0.00,0.00,0.00,0,0,0.00,0.00,0,0
1431656277,s1-eth1,66396.00,5903740.00,5970136.00,5903740,66396,1006.00,1342.00,2348.00,1342,1006,0.00,0.00,0,0
1431656277,s1-eth2,5909598.00,66462.00,5976060.00,66462,5909598,1343.00,1007.00,2350.00,1007,1343,0.00,0.00,0,0
1431656277,s3,0.00,0.00,0.00,0,0,0.00,0.00,0.00,0,0,0.00,0.00,0,0
1431656277,s2-eth2,5915456.00,66462.00,5981918.00,66462,5915456,1344.00,1007.00,2351.00,1007,1344,0.00,0.00,0,0
1431656277,s2-eth1,66462.00,5909598.00,5976060.00,5909598,66462,1007.00,1343.00,2350.00,1343,1007,0.00,0.00,0,0
1431656277,lo,0.00,0.00,0.00,0,0,0.00,0.00,0.00,0,0,0.00,0.00,0,0
1431656277,s4,0.00,0.00,0.00,0,0,0.00,0.00,0.00,0,0,0.00,0.00,0,0
1431656277,s3-eth2,66462.00,5915456.00,5981918.00,5915456,66462,1007.00,1344.00,2351.00,1344,1007,0.00,0.00,0,0
1431656277,s3-eth1,5919206.00,66528.00,5985734.00,66528,5919206,1335.00,1008.00,2343.00,1008,1335,0.00,0.00,0,0
1431656277,total,17943580.00,17928246.00,35871824.00,17928246,17943580,7042.00,7051.00,14093.00,7051,7042,0.00,0.00,0,0
1431656278,s5,0.00,0.00,0.00,0,0,0.00,0.00,0.00,0,0,0.00,0.00,0,0
1431656278,s1,0.00,0.00,0.00,0,0,0.00,0.00,0.00,0,0,0.00,0.00,0,0
1431656278,eth0,0.00,0.00,0.00,0,0,0.00,0.00,0.00,0,0,0.00,0.00,0,0
1431656278,eth1,449.00,0.00,449.00,0,449,2.00,0.00,2.00,0,2,0.00,0.00,0,0
1431656278,s2,0.00,0.00,0.00,0,0,0.00,0.00,0.00,0,0,0.00,0.00,0,0
1431656278,s1-eth1,76890.00,5900614.00,5977504.00,5900614,76890,1165.00,1163.00,2328.00,1163,1165,0.00,0.00,0,0
1431656278,s1-eth2,5900614.00,76824.00,5977438.00,76824,5900614,1163.00,1164.00,2327.00,1164,1163,0.00,0.00,0,0
1431656278,s3,0.00,0.00,0.00,0,0,0.00,0.00,0.00,0,0,0.00,0.00,0,0
1431656278,s2-eth2,5900614.00,76824.00,5977438.00,76824,5900614,1163.00,1164.00,2327.00,1164,1163,0.00,0.00,0,0
1431656278,s2-eth1,76824.00,5900614.00,5977438.00,5900614,76824,1164.00,1163.00,2327.00,1163,1164,0.00,0.00,0,0
1431656278,lo,0.00,0.00,0.00,0,0,0.00,0.00,0.00,0,0,0.00,0.00,0,0
1431656278,s4,0.00,0.00,0.00,0,0,0.00,0.00,0.00,0,0,0.00,0.00,0,0
1431656278,s3-eth2,76824.00,5900614.00,5977438.00,5900614,76824,1164.00,1163.00,2327.00,1163,1164,0.00,0.00,0,0
1431656278,s3-eth1,5902722.00,76824.00,5979546.00,76824,5902722,1173.00,1164.00,2337.00,1164,1173,0.00,0.00,0,0
1431656278,total,17934936.00,17932314.00,35867252.00,17932314,17934937,6994.00,6981.00,13975.00,6981,6994,0.00,0.00,0,0
1431656279,s5,0.00,0.00,0.00,0,0,0.00,0.00,0.00,0,0,0.00,0.00,0,0
1431656279,s1,0.00,0.00,0.00,0,0,0.00,0.00,0.00,0,0,0.00,0.00,0,0
1431656279,eth0,0.00,0.00,0.00,0,0,0.00,0.00,0.00,0,0,0.00,0.00,0,0
1431656279,eth1,70.00,0.00,70.00,0,70,1.00,0.00,1.00,0,1,0.00,0.00,0,0
1431656279,s2,0.00,0.00,0.00,0,0,0.00,0.00,0.00,0,0,0.00,0.00,0,0
1431656279,s1-eth1,67188.00,5945870.00,6013058.00,5945870,67188,1018.00,1015.00,2033.00,1015,1018,0.00,0.00,0,0
1431656279,s1-eth2,5940012.00,67188.00,6007200.00,67188,5940012,1014.00,1018.00,2032.00,1018,1014,0.00,0.00,0,0
1431656279,s3,0.00,0.00,0.00,0,0,0.00,0.00,0.00,0,0,0.00,0.00,0,0
1431656279,s2-eth2,5940012.00,67188.00,6007200.00,67188,5940012,1014.00,1018.00,2032.00,1018,1014,0.00,0.00,0,0
1431656279,s2-eth1,67188.00,5940012.00,6007200.00,5940012,67188,1018.00,1014.00,2032.00,1014,1018,0.00,0.00,0,0
1431656279,lo,0.00,0.00,0.00,0,0,0.00,0.00,0.00,0,0,0.00,0.00,0,0
1431656279,s4,0.00,0.00,0.00,0,0,0.00,0.00,0.00,0,0,0.00,0.00,0,0
1431656279,s3-eth2,67188.00,5940012.00,6007200.00,5940012,67188,1018.00,1014.00,2032.00,1014,1018,0.00,0.00,0,0
1431656279,s3-eth1,5940012.00,67056.00,6007068.00,67056,5940012,1014.00,1016.00,2030.00,1016,1014,0.00,0.00,0,0
1431656279,total,18021670.00,18027326.00,36048996.00,18027326,18021670,6097.00,6095.00,12192.00,6095,6097,0.00,0.00,0,0
1431656280,s5,0.00,0.00,0.00,0,0,0.00,0.00,0.00,0,0,0.00,0.00,0,0
1431656280,s1,0.00,0.00,0.00,0,0,0.00,0.00,0.00,0,0,0.00,0.00,0,0
1431656280,eth0,0.00,0.00,0.00,0,0,0.00,0.00,0.00,0,0,0.00,0.00,0,0
1431656280,eth1,0.00,0.00,0.00,0,0,0.00,0.00,0.00,0,0,0.00,0.00,0,0
1431656280,s2,0.00,0.00,0.00,0,0,0.00,0.00,0.00,0,0,0.00,0.00,0,0
1431656280,s1-eth1,63798.00,5692020.00,5755818.00,5692020,63798,967.00,1206.00,2173.00,1206,967,0.00,0.00,0,0
1431656280,s1-eth2,5703736.00,63798.00,5767534.00,63798,5703736,1208.00,967.00,2175.00,967,1208,0.00,0.00,0,0
1431656280,s3,0.00,0.00,0.00,0,0,0.00,0.00,0.00,0,0,0.00,0.00,0,0
1431656280,s2-eth2,5697878.00,63732.00,5761610.00,63732,5697878,1207.00,966.00,2173.00,966,1207,0.00,0.00,0,0
1431656280,s2-eth1,63798.00,5703736.00,5767534.00,5703736,63798,967.00,1208.00,2175.00,1208,967,0.00,0.00,0,0
1431656280,lo,860.00,860.00,1720.00,860,860,15.00,15.00,30.00,15,15,0.00,0.00,0,0
1431656280,s4,0.00,0.00,0.00,0,0,0.00,0.00,0.00,0,0,0.00,0.00,0,0
1431656280,s3-eth2,63732.00,5697878.00,5761610.00,5697878,63732,966.00,1207.00,2173.00,1207,966,0.00,0.00,0,0
1431656280,s3-eth1,5697878.00,63864.00,5761742.00,63864,5697878,1207.00,968.00,2175.00,968,1207,0.00,0.00,0,0
1431656280,total,17291680.00,17285888.00,34577568.00,17285888,17291680,6537.00,6537.00,13074.00,6537,6537,0.00,0.00,0,0
1431656281,s5,0.00,0.00,0.00,0,0,0.00,0.00,0.00,0,0,0.00,0.00,0,0
1431656281,s1,0.00,0.00,0.00,0,0,0.00,0.00,0.00,0,0,0.00,0.00,0,0
1431656281,eth0,0.00,0.00,0.00,0,0,0.00,0.00,0.00,0,0,0.00,0.00,0,0
1431656281,eth1,0.00,0.00,0.00,0,0,0.00,0.00,0.00,0,0,0.00,0.00,0,0
1431656281,s2,0.00,0.00,0.00,0,0,0.00,0.00,0.00,0,0,0.00,0.00,0,0
1431656281,s1-eth1,76890.00,5933732.00,6010622.00,5933732,76890,1165.00,1226.00,2391.00,1226,1165,0.00,0.00,0,0
1431656281,s1-eth2,5927874.00,76956.00,6004830.00,76956,5927874,1225.00,1166.00,2391.00,1166,1225,0.00,0.00,0,0
1431656281,s3,0.00,0.00,0.00,0,0,0.00,0.00,0.00,0,0,0.00,0.00,0,0
1431656281,s2-eth2,5927874.00,77022.00,6004896.00,77022,5927874,1225.00,1167.00,2392.00,1167,1225,0.00,0.00,0,0
1431656281,s2-eth1,76956.00,5927874.00,6004830.00,5927874,76956,1166.00,1225.00,2391.00,1225,1166,0.00,0.00,0,0
1431656281,lo,0.00,0.00,0.00,0,0,0.00,0.00,0.00,0,0,0.00,0.00,0,0
1431656281,s4,0.00,0.00,0.00,0,0,0.00,0.00,0.00,0,0,0.00,0.00,0,0
1431656281,s3-eth2,77022.00,5927874.00,6004896.00,5927874,77022,1167.00,1225.00,2392.00,1225,1167,0.00,0.00,0,0
1431656281,s3-eth1,5927874.00,76956.00,6004830.00,76956,5927874,1225.00,1166.00,2391.00,1166,1225,0.00,0.00,0,0
1431656281,total,18014490.00,18020414.00,36034904.00,18020414,18014490,7173.00,7175.00,14348.00,7175,7173,0.00,0.00,0,0
1431656282,s5,0.00,0.00,0.00,0,0,0.00,0.00,0.00,0,0,0.00,0.00,0,0
1431656282,s1,0.00,0.00,0.00,0,0,0.00,0.00,0.00,0,0,0.00,0.00,0,0
1431656282,eth0,0.00,0.00,0.00,0,0,0.00,0.00,0.00,0,0,0.00,0.00,0,0
1431656282,eth1,0.00,0.00,0.00,0,0,0.00,0.00,0.00,0,0,0.00,0.00,0,0
1431656282,s2,0.00,0.00,0.00,0,0,0.00,0.00,0.00,0,0,0.00,0.00,0,0
1431656282,s1-eth1,77352.00,5888898.00,5966250.00,5888898,77352,1172.00,1161.00,2333.00,1161,1172,0.00,0.00,0,0
1431656282,s1-eth2,5900614.00,77286.00,5977900.00,77286,5900614,1163.00,1171.00,2334.00,1171,1163,0.00,0.00,0,0
1431656282,s3,0.00,0.00,0.00,0,0,0.00,0.00,0.00,0,0,0.00,0.00,0,0
1431656282,s2-eth2,5900614.00,77286.00,5977900.00,77286,5900614,1163.00,1171.00,2334.00,1171,1163,0.00,0.00,0,0
1431656282,s2-eth1,77286.00,5900614.00,5977900.00,5900614,77286,1171.00,1163.00,2334.00,1163,1171,0.00,0.00,0,0
1431656282,lo,0.00,0.00,0.00,0,0,0.00,0.00,0.00,0,0,0.00,0.00,0,0
1431656282,s4,0.00,0.00,0.00,0,0,0.00,0.00,0.00,0,0,0.00,0.00,0,0
1431656282,s3-eth2,77286.00,5900614.00,5977900.00,5900614,77286,1171.00,1163.00,2334.00,1163,1171,0.00,0.00,0,0
1431656282,s3-eth1,5894756.00,76890.00,5971646.00,76890,5894756,1162.00,1165.00,2327.00,1165,1162,0.00,0.00,0,0
1431656282,total,17927908.00,17921588.00,35849496.00,17921588,17927908,7002.00,6994.00,13996.00,6994,7002,0.00,0.00,0,0
1431656283,s5,0.00,0.00,0.00,0,0,0.00,0.00,0.00,0,0,0.00,0.00,0,0
1431656283,s1,0.00,1202.00,1202.00,1202,0,0.00,7.00,7.00,7,0,0.00,0.00,0,0
1431656283,eth0,0.00,0.00,0.00,0,0,0.00,0.00,0.00,0,0,0.00,0.00,0,0
1431656283,eth1,0.00,0.00,0.00,0,0,0.00,0.00,0.00,0,0,0.00,0.00,0,0
1431656283,s2,0.00,1202.00,1202.00,1202,0,0.00,7.00,7.00,7,0,0.00,0.00,0,0
1431656283,s1-eth1,69162.00,5392378.00,5461540.00,5392378,69162,1031.00,1229.00,2260.00,1229,1031,0.00,0.00,0,0
1431656283,s1-eth2,5393018.00,68654.00,5461672.00,68654,5393018,1233.00,1029.00,2262.00,1029,1233,0.00,0.00,0,0
1431656283,s3,0.00,1280.00,1280.00,1280,0,0.00,8.00,8.00,8,0,0.00,0.00,0,0
1431656283,s2-eth2,5405374.00,68080.00,5473454.00,68080,5405374,1239.00,1026.00,2265.00,1026,1239,0.00,0.00,0,0
1431656283,s2-eth1,68654.00,5393018.00,5461672.00,5393018,68654,1029.00,1233.00,2262.00,1233,1029,0.00,0.00,0,0
1431656283,lo,6914.00,6914.00,13828.00,6914,6914,66.00,66.00,132.00,66,66,0.00,0.00,0,0
1431656283,s4,0.00,0.00,0.00,0,0,0.00,0.00,0.00,0,0,0.00,0.00,0,0
1431656283,s3-eth2,68080.00,5405374.00,5473454.00,5405374,68080,1026.00,1239.00,2265.00,1239,1026,0.00,0.00,0,0
1431656283,s3-eth1,5411872.00,67980.00,5479852.00,67980,5411872,1244.00,1030.00,2274.00,1030,1244,0.00,0.00,0,0
1431656283,total,16423074.00,16406082.00,32829156.00,16406082,16423074,6868.00,6874.00,13742.00,6874,6868,0.00,0.00,0,0
1431656284,s5,0.00,0.00,0.00,0,0,0.00,0.00,0.00,0,0,0.00,0.00,0,0
1431656284,s1,0.00,1857.00,1857.00,1857,0,0.00,11.00,11.00,11,0,0.00,0.00,0,0
1431656284,eth0,0.00,0.00,0.00,0,0,0.00,0.00,0.00,0,0,0.00,0.00,0,0
1431656284,eth1,0.00,0.00,0.00,0,0,0.00,0.00,0.00,0,0,0.00,0.00,0,0
1431656284,s2,0.00,545.00,545.00,545,0,0.00,6.00,6.00,6,0,0.00,0.00,0,0
1431656284,s1-eth1,98133.00,5899448.00,5997581.00,5899448,98133,1457.00,1628.00,3085.00,1628,1457,0.00,0.00,0,0
1431656284,s1-eth2,5888199.00,96567.00,5984766.00,96567,5888199,1631.00,1446.00,3077.00,1446,1631,0.00,0.00,0,0
1431656284,s3,0.00,1446.00,1446.00,1446,0,0.00,12.00,12.00,12,0,0.00,0.00,0,0
1431656284,s2-eth2,5900894.00,94788.00,5995682.00,94788,5900894,1640.00,1436.00,3076.00,1436,1640,0.00,0.00,0,0
1431656284,s2-eth1,96567.00,5888199.00,5984766.00,5888199,96567,1446.00,1631.00,3077.00,1631,1446,0.00,0.00,0,0
1431656284,lo,8344.00,8344.00,16688.00,8344,8344,82.00,82.00,164.00,82,82,0.00,0.00,0,0
1431656284,s4,0.00,0.00,0.00,0,0,0.00,0.00,0.00,0,0,0.00,0.00,0,0
1431656284,s3-eth2,94788.00,5900894.00,5995682.00,5900894,94788,1436.00,1640.00,3076.00,1640,1436,0.00,0.00,0,0
1431656284,s3-eth1,5896360.00,94710.00,5991070.00,94710,5896360,1647.00,1435.00,3082.00,1435,1647,0.00,0.00,0,0
1431656284,total,17983284.00,17986798.00,35970084.00,17986798,17983285,9339.00,9327.00,18666.00,9327,9339,0.00,0.00,0,0
1431656285,s5,0.00,0.00,0.00,0,0,0.00,0.00,0.00,0,0,0.00,0.00,0,0
1431656285,s1,0.00,3164.00,3164.00,3164,0,0.00,15.00,15.00,15,0,0.00,0.00,0,0
1431656285,eth0,0.00,0.00,0.00,0,0,0.00,0.00,0.00,0,0,0.00,0.00,0,0
1431656285,eth1,0.00,0.00,0.00,0,0,0.00,0.00,0.00,0,0,0.00,0.00,0,0
1431656285,s2,0.00,4209.00,4209.00,4209,0,0.00,19.00,19.00,19,0,0.00,0.00,0,0
1431656285,s1-eth1,80254.00,5816176.00,5896430.00,5816176,80254,1167.00,1200.00,2367.00,1200,1167,0.00,0.00,0,0
1431656285,s1-eth2,5800690.00,78800.00,5879490.00,78800,5800690,1205.00,1161.00,2366.00,1161,1205,0.00,0.00,0,0
1431656285,s3,0.00,3664.00,3664.00,3664,0,0.00,14.00,14.00,14,0,0.00,0.00,0,0
1431656285,s2-eth2,5796408.00,77691.00,5874099.00,77691,5796408,1210.00,1156.00,2366.00,1156,1210,0.00,0.00,0,0
1431656285,s2-eth1,78800.00,5800690.00,5879490.00,5800690,78800,1161.00,1205.00,2366.00,1205,1161,0.00,0.00,0,0
1431656285,lo,15132.00,15132.00,30264.00,15132,15132,145.00,145.00,290.00,145,145,0.00,0.00,0,0
1431656285,s4,0.00,0.00,0.00,0,0,0.00,0.00,0.00,0,0,0.00,0.00,0,0
1431656285,s3-eth2,77691.00,5796408.00,5874099.00,5796408,77691,1156.00,1210.00,2366.00,1210,1156,0.00,0.00,0,0
1431656285,s3-eth1,5803764.00,75570.00,5879334.00,75570,5803764,1217.00,1145.00,2362.00,1145,1217,0.00,0.00,0,0
1431656285,total,17652740.00,17671504.00,35324244.00,17671504,17652739,7261.00,7270.00,14531.00,7270,7261,0.00,0.00,0,0
1431656286,s5,0.00,0.00,0.00,0,0,0.00,0.00,0.00,0,0,0.00,0.00,0,0
1431656286,s1,0.00,1028.00,1028.00,1028,0,0.00,4.00,4.00,4,0,0.00,0.00,0,0
1431656286,eth0,0.00,0.00,0.00,0,0,0.00,0.00,0.00,0,0,0.00,0.00,0,0
1431656286,eth1,107.00,0.00,107.00,0,107,1.00,0.00,1.00,0,1,0.00,0.00,0,0
1431656286,s2,0.00,1295.00,1295.00,1295,0,0.00,5.00,5.00,5,0,0.00,0.00,0,0
1431656286,s1-eth1,77387.00,5858106.00,5935493.00,5858106,77387,1157.00,1221.00,2378.00,1221,1157,0.00,0.00,0,0
1431656286,s1-eth2,5858700.00,77192.00,5935892.00,77192,5858700,1223.00,1158.00,2381.00,1158,1223,0.00,0.00,0,0
1431656286,s3,0.00,1188.00,1188.00,1188,0,0.00,4.00,4.00,4,0,0.00,0.00,0,0
1431656286,s2-eth2,5859294.00,76865.00,5936159.00,76865,5859294,1225.00,1157.00,2382.00,1157,1225,0.00,0.00,0,0
1431656286,s2-eth1,77192.00,5858700.00,5935892.00,5858700,77192,1158.00,1223.00,2381.00,1223,1158,0.00,0.00,0,0
1431656286,lo,4196.00,4196.00,8392.00,4196,4196,39.00,39.00,78.00,39,39,0.00,0.00,0,0
1431656286,s4,0.00,0.00,0.00,0,0,0.00,0.00,0.00,0,0,0.00,0.00,0,0
1431656286,s3-eth2,76865.00,5859294.00,5936159.00,5859294,76865,1157.00,1225.00,2382.00,1225,1157,0.00,0.00,0,0
1431656286,s3-eth1,5859621.00,76164.00,5935785.00,76164,5859621,1226.00,1154.00,2380.00,1154,1226,0.00,0.00,0,0
1431656286,total,17813362.00,17814028.00,35627392.00,17814028,17813362,7186.00,7190.00,14376.00,7190,7186,0.00,0.00,0,0
1431656287,s5,0.00,0.00,0.00,0,0,0.00,0.00,0.00,0,0,0.00,0.00,0,0
1431656287,s1,0.00,701.00,701.00,701,0,0.00,3.00,3.00,3,0,0.00,0.00,0,0
1431656287,eth0,0.00,0.00,0.00,0,0,0.00,0.00,0.00,0,0,0.00,0.00,0,0
1431656287,eth1,342.00,0.00,342.00,0,342,1.00,0.00,1.00,0,1,0.00,0.00,0,0
1431656287,s2,0.00,434.00,434.00,434,0,0.00,2.00,2.00,2,0,0.00,0.00,0,0
1431656287,s1-eth1,77434.00,5869876.00,5947310.00,5869876,77434,1165.00,1158.00,2323.00,1158,1165,0.00,0.00,0,0
1431656287,s1-eth2,5875841.00,77261.00,5953102.00,77261,5875841,1160.00,1163.00,2323.00,1163,1160,0.00,0.00,0,0
1431656287,s3,0.00,214.00,214.00,214,0,0.00,2.00,2.00,2,0,0.00,0.00,0,0
1431656287,s2-eth2,5875948.00,76887.00,5952835.00,76887,5875948,1161.00,1161.00,2322.00,1161,1161,0.00,0.00,0,0
1431656287,s2-eth1,77261.00,5875841.00,5953102.00,5875841,77261,1163.00,1160.00,2323.00,1160,1163,0.00,0.00,0,0
1431656287,lo,2198.00,2198.00,4396.00,2198,2198,21.00,21.00,42.00,21,21,0.00,0.00,0,0
1431656287,s4,0.00,0.00,0.00,0,0,0.00,0.00,0.00,0,0,0.00,0.00,0,0
1431656287,s3-eth2,76887.00,5875948.00,5952835.00,5875948,76887,1161.00,1161.00,2322.00,1161,1161,0.00,0.00,0,0
1431656287,s3-eth1,5876055.00,76560.00,5952615.00,76560,5876055,1162.00,1160.00,2322.00,1160,1162,0.00,0.00,0,0
1431656287,total,17861966.00,17855920.00,35717888.00,17855920,17861966,6994.00,6991.00,13985.00,6991,6994,0.00,0.00,0,0
1431656288,s5,0.00,0.00,0.00,0,0,0.00,0.00,0.00,0,0,0.00,0.00,0,0
1431656288,s1,0.00,771.00,771.00,771,0,0.00,4.00,4.00,4,0,0.00,0.00,0,0
1431656288,eth0,0.00,0.00,0.00,0,0,0.00,0.00,0.00,0,0,0.00,0.00,0,0
1431656288,eth1,0.00,0.00,0.00,0,0,0.00,0.00,0.00,0,0,0.00,0.00,0,0
1431656288,s2,0.00,711.00,711.00,711,0,0.00,4.00,4.00,4,0,0.00,0.00,0,0
1431656288,s1-eth1,66313.00,5729124.00,5795437.00,5729124,66313,990.00,978.00,1968.00,978,990,0.00,0.00,0,0
1431656288,s1-eth2,5729461.00,65715.00,5795176.00,65715,5729461,980.00,988.00,1968.00,988,980,0.00,0.00,0,0
1431656288,s3,0.00,674.00,674.00,674,0,0.00,4.00,4.00,4,0,0.00,0.00,0,0
1431656288,s2-eth2,5729798.00,65318.00,5795116.00,65318,5729798,982.00,986.00,1968.00,986,982,0.00,0.00,0,0
1431656288,s2-eth1,65715.00,5729461.00,5795176.00,5729461,65715,988.00,980.00,1968.00,980,988,0.00,0.00,0,0
1431656288,lo,3638.00,3638.00,7276.00,3638,3638,36.00,36.00,72.00,36,36,0.00,0.00,0,0
1431656288,s4,0.00,0.00,0.00,0,0,0.00,0.00,0.00,0,0,0.00,0.00,0,0
1431656288,s3-eth2,65318.00,5729798.00,5795116.00,5729798,65318,986.00,982.00,1968.00,982,986,0.00,0.00,0,0
1431656288,s3-eth1,5730462.00,64944.00,5795406.00,64944,5730462,985.00,984.00,1969.00,984,985,0.00,0.00,0,0
1431656288,total,17390704.00,17390154.00,34780860.00,17390154,17390705,5947.00,5946.00,11893.00,5946,5947,0.00,0.00,0,0
1431656289,s5,0.00,0.00,0.00,0,0,0.00,0.00,0.00,0,0,0.00,0.00,0,0
1431656289,s1,0.00,397.00,397.00,397,0,0.00,2.00,2.00,2,0,0.00,0.00,0,0
1431656289,eth0,0.00,0.00,0.00,0,0,0.00,0.00,0.00,0,0,0.00,0.00,0,0
1431656289,eth1,0.00,0.00,0.00,0,0,0.00,0.00,0.00,0,0,0.00,0.00,0,0
1431656289,s2,0.00,724.00,724.00,724,0,0.00,3.00,3.00,3,0,0.00,0.00,0,0
1431656289,s1-eth1,65209.00,5792010.00,5857219.00,5792010,65209,984.00,1141.00,2125.00,1141,984,0.00,0.00,0,0
1431656289,s1-eth2,5798195.00,65143.00,5863338.00,65143,5798195,1143.00,983.00,2126.00,983,1143,0.00,0.00,0,0
1431656289,s3,0.00,654.00,654.00,654,0,0.00,2.00,2.00,2,0,0.00,0.00,0,0
1431656289,s2-eth2,5792664.00,65143.00,5857807.00,65143,5792664,1143.00,983.00,2126.00,983,1143,0.00,0.00,0,0
1431656289,s2-eth1,65143.00,5798195.00,5863338.00,5798195,65143,983.00,1143.00,2126.00,1143,983,0.00,0.00,0,0
1431656289,lo,2166.00,2166.00,4332.00,2166,2166,21.00,21.00,42.00,21,21,0.00,0.00,0,0
1431656289,s4,0.00,0.00,0.00,0,0,0.00,0.00,0.00,0,0,0.00,0.00,0,0
1431656289,s3-eth2,65143.00,5792664.00,5857807.00,5792664,65143,983.00,1143.00,2126.00,1143,983,0.00,0.00,0,0
1431656289,s3-eth1,5792664.00,64746.00,5857410.00,64746,5792664,1143.00,981.00,2124.00,981,1143,0.00,0.00,0,0
1431656289,total,17581184.00,17581842.00,35163024.00,17581842,17581184,6400.00,6402.00,12802.00,6402,6400,0.00,0.00,0,0
1431656290,s5,0.00,0.00,0.00,0,0,0.00,0.00,0.00,0,0,0.00,0.00,0,0
1431656290,s1,0.00,0.00,0.00,0,0,0.00,0.00,0.00,0,0,0.00,0.00,0,0
1431656290,eth0,0.00,0.00,0.00,0,0,0.00,0.00,0.00,0,0,0.00,0.00,0,0
1431656290,eth1,0.00,0.00,0.00,0,0,0.00,0.00,0.00,0,0,0.00,0.00,0,0
1431656290,s2,0.00,0.00,0.00,0,0,0.00,0.00,0.00,0,0,0.00,0.00,0,0
1431656290,s1-eth1,85074.00,5941318.00,6026392.00,5941318,85074,1289.00,1319.00,2608.00,1319,1289,0.00,0.00,0,0
1431656290,s1-eth2,5943818.00,85338.00,6029156.00,85338,5943818,1313.00,1293.00,2606.00,1293,1313,0.00,0.00,0,0
1431656290,s3,0.00,0.00,0.00,0,0,0.00,0.00,0.00,0,0,0.00,0.00,0,0
1431656290,s2-eth2,5940592.00,85602.00,6026194.00,85602,5940592,1308.00,1297.00,2605.00,1297,1308,0.00,0.00,0,0
1431656290,s2-eth1,85338.00,5943818.00,6029156.00,5943818,85338,1293.00,1313.00,2606.00,1313,1293,0.00,0.00,0,0
1431656290,lo,344.00,344.00,688.00,344,344,6.00,6.00,12.00,6,6,0.00,0.00,0,0
1431656290,s4,0.00,0.00,0.00,0,0,0.00,0.00,0.00,0,0,0.00,0.00,0,0
1431656290,s3-eth2,85602.00,5940592.00,6026194.00,5940592,85602,1297.00,1308.00,2605.00,1308,1297,0.00,0.00,0,0
1431656290,s3-eth1,5939222.00,85800.00,6025022.00,85800,5939222,1305.00,1300.00,2605.00,1300,1305,0.00,0.00,0,0
1431656290,total,18079990.00,18082812.00,36162800.00,18082812,18079990,7811.00,7836.00,15647.00,7836,7811,0.00,0.00,0,0
1431656291,s5,0.00,0.00,0.00,0,0,0.00,0.00,0.00,0,0,0.00,0.00,0,0
1431656291,s1,0.00,791.00,791.00,791,0,0.00,3.00,3.00,3,0,0.00,0.00,0,0
1431656291,eth0,0.00,0.00,0.00,0,0,0.00,0.00,0.00,0,0,0.00,0.00,0,0
1431656291,eth1,0.00,0.00,0.00,0,0,0.00,0.00,0.00,0,0,0.00,0.00,0,0
1431656291,s2,0.00,449.00,449.00,449,0,0.00,2.00,2.00,2,0,0.00,0.00,0,0
1431656291,s1-eth1,79108.00,5943344.00,6022452.00,5943344,79108,1189.00,1240.00,2429.00,1240,1189,0.00,0.00,0,0
1431656291,s1-eth2,5935093.00,78935.00,6014028.00,78935,5935093,1246.00,1187.00,2433.00,1187,1246,0.00,0.00,0,0
1431656291,s3,0.00,214.00,214.00,214,0,0.00,2.00,2.00,2,0,0.00,0.00,0,0
1431656291,s2-eth2,5933752.00,78420.00,6012172.00,78420,5933752,1247.00,1184.00,2431.00,1184,1247,0.00,0.00,0,0
1431656291,s2-eth1,78935.00,5935093.00,6014028.00,5935093,78935,1187.00,1246.00,2433.00,1246,1187,0.00,0.00,0,0
1431656291,lo,2198.00,2198.00,4396.00,2198,2198,21.00,21.00,42.00,21,21,0.00,0.00,0,0
1431656291,s4,0.00,0.00,0.00,0,0,0.00,0.00,0.00,0,0,0.00,0.00,0,0
1431656291,s3-eth2,78420.00,5933752.00,6012172.00,5933752,78420,1184.00,1247.00,2431.00,1247,1184,0.00,0.00,0,0
1431656291,s3-eth1,5938269.00,78078.00,6016347.00,78078,5938269,1249.00,1183.00,2432.00,1183,1249,0.00,0.00,0,0
1431656291,total,18045776.00,18051274.00,36097048.00,18051274,18045775,7323.00,7315.00,14638.00,7315,7323,0.00,0.00,0,0
1431656292,s5,0.00,0.00,0.00,0,0,0.00,0.00,0.00,0,0,0.00,0.00,0,0
1431656292,s1,0.00,177.00,177.00,177,0,0.00,2.00,2.00,2,0,0.00,0.00,0,0
1431656292,eth0,0.00,0.00,0.00,0,0,0.00,0.00,0.00,0,0,0.00,0.00,0,0
1431656292,eth1,0.00,0.00,0.00,0,0,0.00,0.00,0.00,0,0,0.00,0.00,0,0
1431656292,s2,0.00,519.00,519.00,519,0,0.00,3.00,3.00,3,0,0.00,0.00,0,0
1431656292,s1-eth1,66841.00,5802844.00,5869685.00,5802844,66841,1012.00,998.00,2010.00,998,1012,0.00,0.00,0,0
1431656292,s1-eth2,5802794.00,66573.00,5869367.00,66573,5802794,993.00,1008.00,2001.00,1008,993,0.00,0.00,0,0
1431656292,s3,0.00,824.00,824.00,824,0,0.00,4.00,4.00,4,0,0.00,0.00,0,0
1431656292,s2-eth2,5799060.00,66371.00,5865431.00,66371,5799060,998.00,1005.00,2003.00,1005,998,0.00,0.00,0,0
1431656292,s2-eth1,66573.00,5802794.00,5869367.00,5802794,66573,1008.00,993.00,2001.00,993,1008,0.00,0.00,0,0
1431656292,lo,2660.00,2660.00,5320.00,2660,2660,27.00,27.00,54.00,27,27,0.00,0.00,0,0
1431656292,s4,0.00,0.00,0.00,0,0,0.00,0.00,0.00,0,0,0.00,0.00,0,0
1431656292,s3-eth2,66371.00,5799060.00,5865431.00,5799060,66371,1005.00,998.00,2003.00,998,1005,0.00,0.00,0,0
1431656292,s3-eth1,5796432.00,66066.00,5862498.00,66066,5796432,1002.00,1001.00,2003.00,1001,1002,0.00,0.00,0,0
1431656292,total,17600732.00,17607888.00,35208620.00,17607888,17600731,6045.00,6039.00,12084.00,6039,6045,0.00,0.00,0,0
1431656293,s5,0.00,0.00,0.00,0,0,0.00,0.00,0.00,0,0,0.00,0.00,0,0
1431656293,s1,0.00,70.00,70.00,70,0,0.00,1.00,1.00,1,0,0.00,0.00,0,0
1431656293,eth0,0.00,0.00,0.00,0,0,0.00,0.00,0.00,0,0,0.00,0.00,0,0
1431656293,eth1,0.00,0.00,0.00,0,0,0.00,0.00,0.00,0,0,0.00,0.00,0,0
1431656293,s2,0.00,70.00,70.00,70,0,0.00,1.00,1.00,1,0,0.00,0.00,0,0
1431656293,s1-eth1,88060.00,5950072.00,6038132.00,5950072,88060,1330.00,1320.00,2650.00,1320,1330,0.00,0.00,0,0
1431656293,s1-eth2,5950534.00,87784.00,6038318.00,87784,5950534,1327.00,1330.00,2657.00,1330,1327,0.00,0.00,0,0
1431656293,s3,0.00,0.00,0.00,0,0,0.00,0.00,0.00,0,0,0.00,0.00,0,0
1431656293,s2-eth2,5953496.00,87718.00,6041214.00,87718,5953496,1328.00,1329.00,2657.00,1329,1328,0.00,0.00,0,0
1431656293,s2-eth1,87784.00,5950534.00,6038318.00,5950534,87784,1330.00,1327.00,2657.00,1327,1330,0.00,0.00,0,0
1431656293,lo,536.00,536.00,1072.00,536,536,6.00,6.00,12.00,6,6,0.00,0.00,0,0
1431656293,s4,0.00,0.00,0.00,0,0,0.00,0.00,0.00,0,0,0.00,0.00,0,0
1431656293,s3-eth2,87718.00,5953496.00,6041214.00,5953496,87718,1329.00,1328.00,2657.00,1328,1329,0.00,0.00,0,0
1431656293,s3-eth1,5953496.00,87648.00,6041144.00,87648,5953496,1328.00,1328.00,2656.00,1328,1328,0.00,0.00,0,0
1431656293,total,18121624.00,18117928.00,36239552.00,18117928,18121624,7978.00,7970.00,15948.00,7970,7978,0.00,0.00,0,0
1431656294,s5,0.00,0.00,0.00,0,0,0.00,0.00,0.00,0,0,0.00,0.00,0,0
1431656294,s1,0.00,0.00,0.00,0,0,0.00,0.00,0.00,0,0,0.00,0.00,0,0
1431656294,eth0,0.00,0.00,0.00,0,0,0.00,0.00,0.00,0,0,0.00,0.00,0,0
1431656294,eth1,0.00,0.00,0.00,0,0,0.00,0.00,0.00,0,0,0.00,0.00,0,0
1431656294,s2,0.00,0.00,0.00,0,0,0.00,0.00,0.00,0,0,0.00,0.00,0,0
1431656294,s1-eth1,66924.00,5940012.00,6006936.00,5940012,66924,1014.00,1014.00,2028.00,1014,1014,0.00,0.00,0,0
1431656294,s1-eth2,5940012.00,66924.00,6006936.00,66924,5940012,1014.00,1014.00,2028.00,1014,1014,0.00,0.00,0,0
1431656294,s3,0.00,0.00,0.00,0,0,0.00,0.00,0.00,0,0,0.00,0.00,0,0
1431656294,s2-eth2,5940012.00,66924.00,6006936.00,66924,5940012,1014.00,1014.00,2028.00,1014,1014,0.00,0.00,0,0
1431656294,s2-eth1,66924.00,5940012.00,6006936.00,5940012,66924,1014.00,1014.00,2028.00,1014,1014,0.00,0.00,0,0
1431656294,lo,0.00,0.00,0.00,0,0,0.00,0.00,0.00,0,0,0.00,0.00,0,0
1431656294,s4,0.00,0.00,0.00,0,0,0.00,0.00,0.00,0,0,0.00,0.00,0,0
1431656294,s3-eth2,66924.00,5940012.00,6006936.00,5940012,66924,1014.00,1014.00,2028.00,1014,1014,0.00,0.00,0,0
1431656294,s3-eth1,5940012.00,66924.00,6006936.00,66924,5940012,1014.00,1014.00,2028.00,1014,1014,0.00,0.00,0,0
1431656294,total,18020808.00,18020808.00,36041616.00,18020808,18020808,6084.00,6084.00,12168.00,6084,6084,0.00,0.00,0,0
1431656295,s5,0.00,0.00,0.00,0,0,0.00,0.00,0.00,0,0,0.00,0.00,0,0
1431656295,s1,0.00,342.00,342.00,342,0,0.00,1.00,1.00,1,0,0.00,0.00,0,0
1431656295,eth0,0.00,0.00,0.00,0,0,0.00,0.00,0.00,0,0,0.00,0.00,0,0
1431656295,eth1,0.00,0.00,0.00,0,0,0.00,0.00,0.00,0,0,0.00,0.00,0,0
1431656295,s2,0.00,342.00,342.00,342,0,0.00,1.00,1.00,1,0,0.00,0.00,0,0
1431656295,s1-eth1,66606.00,5887834.00,5954440.00,5887834,66606,1005.00,1101.00,2106.00,1101,1005,0.00,0.00,0,0
1431656295,s1-eth2,5887834.00,66540.00,5954374.00,66540,5887834,1101.00,1004.00,2105.00,1004,1101,0.00,0.00,0,0
1431656295,s3,0.00,0.00,0.00,0,0,0.00,0.00,0.00,0,0,0.00,0.00,0,0
1431656295,s2-eth2,5887834.00,66606.00,5954440.00,66606,5887834,1101.00,1005.00,2106.00,1005,1101,0.00,0.00,0,0
1431656295,s2-eth1,66540.00,5887834.00,5954374.00,5887834,66540,1004.00,1101.00,2105.00,1101,1004,0.00,0.00,0,0
1431656295,lo,996.00,996.00,1992.00,996,996,12.00,12.00,24.00,12,12,0.00,0.00,0,0
1431656295,s4,0.00,0.00,0.00,0,0,0.00,0.00,0.00,0,0,0.00,0.00,0,0
1431656295,s3-eth2,66606.00,5887834.00,5954440.00,5887834,66606,1005.00,1101.00,2106.00,1101,1005,0.00,0.00,0,0
1431656295,s3-eth1,5881976.00,66198.00,5948174.00,66198,5881976,1100.00,1003.00,2103.00,1003,1100,0.00,0.00,0,0
1431656295,total,17858392.00,17864526.00,35722920.00,17864526,17858392,6328.00,6329.00,12657.00,6329,6328,0.00,0.00,0,0
1431656296,s5,0.00,0.00,0.00,0,0,0.00,0.00,0.00,0,0,0.00,0.00,0,0
1431656296,s1,0.00,0.00,0.00,0,0,0.00,0.00,0.00,0,0,0.00,0.00,0,0
1431656296,eth0,0.00,0.00,0.00,0,0,0.00,0.00,0.00,0,0,0.00,0.00,0,0
1431656296,eth1,0.00,0.00,0.00,0,0,0.00,0.00,0.00,0,0,0.00,0.00,0,0
1431656296,s2,0.00,0.00,0.00,0,0,0.00,0.00,0.00,0,0,0.00,0.00,0,0
1431656296,s1-eth1,76626.00,5892594.00,5969220.00,5892594,76626,1161.00,1217.00,2378.00,1217,1161,0.00,0.00,0,0
1431656296,s1-eth2,5892594.00,76626.00,5969220.00,76626,5892594,1217.00,1161.00,2378.00,1161,1217,0.00,0.00,0,0
1431656296,s3,0.00,0.00,0.00,0,0,0.00,0.00,0.00,0,0,0.00,0.00,0,0
1431656296,s2-eth2,5898452.00,76560.00,5975012.00,76560,5898452,1218.00,1160.00,2378.00,1160,1218,0.00,0.00,0,0
1431656296,s2-eth1,76626.00,5892594.00,5969220.00,5892594,76626,1161.00,1217.00,2378.00,1217,1161,0.00,0.00,0,0
1431656296,lo,172.00,172.00,344.00,172,172,3.00,3.00,6.00,3,3,0.00,0.00,0,0
1431656296,s4,0.00,0.00,0.00,0,0,0.00,0.00,0.00,0,0,0.00,0.00,0,0
1431656296,s3-eth2,76560.00,5898452.00,5975012.00,5898452,76560,1160.00,1218.00,2378.00,1218,1160,0.00,0.00,0,0
1431656296,s3-eth1,5898452.00,76692.00,5975144.00,76692,5898452,1218.00,1162.00,2380.00,1162,1218,0.00,0.00,0,0
1431656296,total,17919482.00,17913690.00,35833172.00,17913690,17919482,7138.00,7138.00,14276.00,7138,7138,0.00,0.00,0,0
1431656297,s5,0.00,0.00,0.00,0,0,0.00,0.00,0.00,0,0,0.00,0.00,0,0
1431656297,s1,0.00,341.66,341.66,342,0,0.00,1.00,1.00,1,0,0.00,0.00,0,0
1431656297,eth0,0.00,0.00,0.00,0,0,0.00,0.00,0.00,0,0,0.00,0.00,0,0
1431656297,eth1,0.00,0.00,0.00,0,0,0.00,0.00,0.00,0,0,0.00,0.00,0,0
1431656297,s2,0.00,0.00,0.00,0,0,0.00,0.00,0.00,0,0,0.00,0.00,0,0
1431656297,s1-eth1,30143.86,2124261.75,2154405.75,2126386,30174,452.55,364.64,817.18,365,453,0.00,0.00,0,0
1431656297,s1-eth2,2247157.00,29484.52,2276641.50,29514,2249404,385.61,442.56,828.17,443,386,0.00,0.00,0,0
1431656297,s3,0.00,0.00,0.00,0,0,0.00,0.00,0.00,0,0,0.00,0.00,0,0
1431656297,s2-eth2,2323234.75,28483.52,2351718.25,28512,2325558,398.60,431.57,830.17,432,399,0.00,0.00,0,0
1431656297,s2-eth1,29484.52,2247157.00,2276641.50,2249404,29514,442.56,385.61,828.17,386,443,0.00,0.00,0,0
1431656297,lo,325.67,325.67,651.35,326,326,3.00,3.00,5.99,3,3,0.00,0.00,0,0
1431656297,s4,0.00,0.00,0.00,0,0,0.00,0.00,0.00,0,0,0.00,0.00,0,0
1431656297,s3-eth2,28483.52,2323234.75,2351718.25,2325558,28512,431.57,398.60,830.17,399,432,0.00,0.00,0,0
1431656297,s3-eth1,2393460.50,27758.24,2421218.75,27786,2395854,410.59,420.58,831.17,421,411,0.00,0.00,0,0
1431656297,total,7052290.00,6781047.00,13833337.00,6787828,7059342,2524.48,2447.55,4972.03,2450,2527,0.00,0.00,0,0
1431656298,s5,0.00,0.00,0.00,0,0,0.00,0.00,0.00,0,0,0.00,0.00,0,0
1431656298,s1,0.00,0.00,0.00,0,0,0.00,0.00,0.00,0,0,0.00,0.00,0,0
1431656298,eth0,0.00,0.00,0.00,0,0,0.00,0.00,0.00,0,0,0.00,0.00,0,0
1431656298,eth1,0.00,0.00,0.00,0,0,0.00,0.00,0.00,0,0,0.00,0.00,0,0
1431656298,s2,0.00,0.00,0.00,0,0,0.00,0.00,0.00,0,0,0.00,0.00,0,0
1431656298,s1-eth1,0.00,0.00,0.00,0,0,0.00,0.00,0.00,0,0,0.00,0.00,0,0
1431656298,s1-eth2,0.00,0.00,0.00,0,0,0.00,0.00,0.00,0,0,0.00,0.00,0,0
1431656298,s3,0.00,0.00,0.00,0,0,0.00,0.00,0.00,0,0,0.00,0.00,0,0
1431656298,s2-eth2,0.00,0.00,0.00,0,0,0.00,0.00,0.00,0,0,0.00,0.00,0,0
1431656298,s2-eth1,0.00,0.00,0.00,0,0,0.00,0.00,0.00,0,0,0.00,0.00,0,0
1431656298,lo,0.00,0.00,0.00,0,0,0.00,0.00,0.00,0,0,0.00,0.00,0,0
1431656298,s4,0.00,0.00,0.00,0,0,0.00,0.00,0.00,0,0,0.00,0.00,0,0
1431656298,s3-eth2,0.00,0.00,0.00,0,0,0.00,0.00,0.00,0,0,0.00,0.00,0,0
1431656298,s3-eth1,0.00,0.00,0.00,0,0,0.00,0.00,0.00,0,0,0.00,0.00,0,0
1431656298,total,0.00,0.00,0.00,0,0,0.00,0.00,0.00,0,0,0.00,0.00,0,0
1431656299,s5,0.00,0.00,0.00,0,0,0.00,0.00,0.00,0,0,0.00,0.00,0,0
1431656299,s1,0.00,106.89,106.89,107,0,0.00,1.00,1.00,1,0,0.00,0.00,0,0
1431656299,eth0,0.00,0.00,0.00,0,0,0.00,0.00,0.00,0,0,0.00,0.00,0,0
1431656299,eth1,0.00,0.00,0.00,0,0,0.00,0.00,0.00,0,0,0.00,0.00,0,0
1431656299,s2,0.00,106.89,106.89,107,0,0.00,1.00,1.00,1,0,0.00,0.00,0,0
1431656299,s1-eth1,213.79,0.00,213.79,0,214,2.00,0.00,2.00,0,2,0.00,0.00,0,0
1431656299,s1-eth2,106.89,106.89,213.79,107,107,1.00,1.00,2.00,1,1,0.00,0.00,0,0
1431656299,s3,0.00,213.79,213.79,214,0,0.00,2.00,2.00,2,0,0.00,0.00,0,0
1431656299,s2-eth2,213.79,0.00,213.79,0,214,2.00,0.00,2.00,0,2,0.00,0.00,0,0
1431656299,s2-eth1,106.89,106.89,213.79,107,107,1.00,1.00,2.00,1,1,0.00,0.00,0,0
1431656299,lo,1218.78,1218.78,2437.56,1220,1220,11.99,11.99,23.98,12,12,0.00,0.00,0,0
1431656299,s4,0.00,0.00,0.00,0,0,0.00,0.00,0.00,0,0,0.00,0.00,0,0
1431656299,s3-eth2,0.00,213.79,213.79,214,0,0.00,2.00,2.00,2,0,0.00,0.00,0,0
1431656299,s3-eth1,320.68,0.00,320.68,0,321,3.00,0.00,3.00,0,3,0.00,0.00,0,0
1431656299,total,2180.82,2073.93,4254.75,2076,2183,20.98,19.98,40.96,20,21,0.00,0.00,0,0
1431656300,s5,0.00,0.00,0.00,0,0,0.00,0.00,0.00,0,0,0.00,0.00,0,0
1431656300,s1,0.00,106.89,106.89,107,0,0.00,1.00,1.00,1,0,0.00,0.00,0,0
1431656300,eth0,0.00,0.00,0.00,0,0,0.00,0.00,0.00,0,0,0.00,0.00,0,0
1431656300,eth1,0.00,0.00,0.00,0,0,0.00,0.00,0.00,0,0,0.00,0.00,0,0
1431656300,s2,0.00,106.89,106.89,107,0,0.00,1.00,1.00,1,0,0.00,0.00,0,0
1431656300,s1-eth1,106.89,0.00,106.89,0,107,1.00,0.00,1.00,0,1,0.00,0.00,0,0
1431656300,s1-eth2,0.00,106.89,106.89,107,0,0.00,1.00,1.00,1,0,0.00,0.00,0,0
1431656300,s3,0.00,0.00,0.00,0,0,0.00,0.00,0.00,0,0,0.00,0.00,0,0
1431656300,s2-eth2,0.00,106.89,106.89,107,0,0.00,1.00,1.00,1,0,0.00,0.00,0,0
1431656300,s2-eth1,106.89,0.00,106.89,0,107,1.00,0.00,1.00,0,1,0.00,0.00,0,0
1431656300,lo,953.05,953.05,1906.09,954,954,11.99,11.99,23.98,12,12,0.00,0.00,0,0
1431656300,s4,0.00,0.00,0.00,0,0,0.00,0.00,0.00,0,0,0.00,0.00,0,0
1431656300,s3-eth2,106.89,0.00,106.89,0,107,1.00,0.00,1.00,0,1,0.00,0.00,0,0
1431656300,s3-eth1,0.00,0.00,0.00,0,0,0.00,0.00,0.00,0,0,0.00,0.00,0,0
1431656300,total,1273.73,1380.62,2654.35,1382,1275,14.99,15.98,30.97,16,15,0.00,0.00,0,0
1431656301,s5,0.00,0.00,0.00,0,0,0.00,0.00,0.00,0,0,0.00,0.00,0,0
1431656301,s1,0.00,0.00,0.00,0,0,0.00,0.00,0.00,0,0,0.00,0.00,0,0
1431656301,eth0,0.00,0.00,0.00,0,0,0.00,0.00,0.00,0,0,0.00,0.00,0,0
1431656301,eth1,0.00,0.00,0.00,0,0,0.00,0.00,0.00,0,0,0.00,0.00,0,0
1431656301,s2,0.00,0.00,0.00,0,0,0.00,0.00,0.00,0,0,0.00,0.00,0,0
1431656301,s1-eth1,0.00,0.00,0.00,0,0,0.00,0.00,0.00,0,0,0.00,0.00,0,0
1431656301,s1-eth2,0.00,0.00,0.00,0,0,0.00,0.00,0.00,0,0,0.00,0.00,0,0
1431656301,s3,0.00,341.66,341.66,342,0,0.00,1.00,1.00,1,0,0.00,0.00,0,0
1431656301,s2-eth2,341.66,0.00,341.66,0,342,1.00,0.00,1.00,0,1,0.00,0.00,0,0
1431656301,s2-eth1,0.00,0.00,0.00,0,0,0.00,0.00,0.00,0,0,0.00,0.00,0,0
1431656301,lo,325.67,325.67,651.35,326,326,3.00,3.00,5.99,3,3,0.00,0.00,0,0
1431656301,s4,0.00,0.00,0.00,0,0,0.00,0.00,0.00,0,0,0.00,0.00,0,0
1431656301,s3-eth2,0.00,341.66,341.66,342,0,0.00,1.00,1.00,1,0,0.00,0.00,0,0
1431656301,s3-eth1,341.66,0.00,341.66,0,342,1.00,0.00,1.00,0,1,0.00,0.00,0,0
1431656301,total,1008.99,1008.99,2017.98,1010,1010,5.00,5.00,9.99,5,5,0.00,0.00,0,0
1431656302,s5,0.00,0.00,0.00,0,0,0.00,0.00,0.00,0,0,0.00,0.00,0,0
1431656302,s1,0.00,0.00,0.00,0,0,0.00,0.00,0.00,0,0,0.00,0.00,0,0
1431656302,eth0,0.00,0.00,0.00,0,0,0.00,0.00,0.00,0,0,0.00,0.00,0,0
1431656302,eth1,107.00,0.00,107.00,0,107,1.00,0.00,1.00,0,1,0.00,0.00,0,0
1431656302,s2,0.00,0.00,0.00,0,0,0.00,0.00,0.00,0,0,0.00,0.00,0,0
1431656302,s1-eth1,0.00,0.00,0.00,0,0,0.00,0.00,0.00,0,0,0.00,0.00,0,0
1431656302,s1-eth2,0.00,0.00,0.00,0,0,0.00,0.00,0.00,0,0,0.00,0.00,0,0
1431656302,s3,0.00,0.00,0.00,0,0,0.00,0.00,0.00,0,0,0.00,0.00,0,0
1431656302,s2-eth2,0.00,0.00,0.00,0,0,0.00,0.00,0.00,0,0,0.00,0.00,0,0
1431656302,s2-eth1,0.00,0.00,0.00,0,0,0.00,0.00,0.00,0,0,0.00,0.00,0,0
1431656302,lo,0.00,0.00,0.00,0,0,0.00,0.00,0.00,0,0,0.00,0.00,0,0
1431656302,s4,0.00,0.00,0.00,0,0,0.00,0.00,0.00,0,0,0.00,0.00,0,0
1431656302,s3-eth2,0.00,0.00,0.00,0,0,0.00,0.00,0.00,0,0,0.00,0.00,0,0
1431656302,s3-eth1,342.00,0.00,342.00,0,342,1.00,0.00,1.00,0,1,0.00,0.00,0,0
1431656302,total,449.00,0.00,449.00,0,449,2.00,0.00,2.00,0,2,0.00,0.00,0,0
1431656303,s5,0.00,0.00,0.00,0,0,0.00,0.00,0.00,0,0,0.00,0.00,0,0
1431656303,s1,0.00,342.00,342.00,342,0,0.00,1.00,1.00,1,0,0.00,0.00,0,0
1431656303,eth0,0.00,0.00,0.00,0,0,0.00,0.00,0.00,0,0,0.00,0.00,0,0
1431656303,eth1,0.00,0.00,0.00,0,0,0.00,0.00,0.00,0,0,0.00,0.00,0,0
1431656303,s2,0.00,342.00,342.00,342,0,0.00,1.00,1.00,1,0,0.00,0.00,0,0
1431656303,s1-eth1,342.00,0.00,342.00,0,342,1.00,0.00,1.00,0,1,0.00,0.00,0,0
1431656303,s1-eth2,0.00,342.00,342.00,342,0,0.00,1.00,1.00,1,0,0.00,0.00,0,0
1431656303,s3,0.00,0.00,0.00,0,0,0.00,0.00,0.00,0,0,0.00,0.00,0,0
1431656303,s2-eth2,0.00,342.00,342.00,342,0,0.00,1.00,1.00,1,0,0.00,0.00,0,0
1431656303,s2-eth1,342.00,0.00,342.00,0,342,1.00,0.00,1.00,0,1,0.00,0.00,0,0
1431656303,lo,652.00,652.00,1304.00,652,652,6.00,6.00,12.00,6,6,0.00,0.00,0,0
1431656303,s4,0.00,0.00,0.00,0,0,0.00,0.00,0.00,0,0,0.00,0.00,0,0
1431656303,s3-eth2,342.00,0.00,342.00,0,342,1.00,0.00,1.00,0,1,0.00,0.00,0,0
1431656303,s3-eth1,0.00,0.00,0.00,0,0,0.00,0.00,0.00,0,0,0.00,0.00,0,0
1431656303,total,1678.00,2020.00,3698.00,2020,1678,9.00,10.00,19.00,10,9,0.00,0.00,0,0
1431656304,s5,0.00,0.00,0.00,0,0,0.00,0.00,0.00,0,0,0.00,0.00,0,0
1431656304,s1,0.00,0.00,0.00,0,0,0.00,0.00,0.00,0,0,0.00,0.00,0,0
1431656304,eth0,0.00,0.00,0.00,0,0,0.00,0.00,0.00,0,0,0.00,0.00,0,0
1431656304,eth1,0.00,0.00,0.00,0,0,0.00,0.00,0.00,0,0,0.00,0.00,0,0
1431656304,s2,0.00,0.00,0.00,0,0,0.00,0.00,0.00,0,0,0.00,0.00,0,0
1431656304,s1-eth1,0.00,0.00,0.00,0,0,0.00,0.00,0.00,0,0,0.00,0.00,0,0
1431656304,s1-eth2,0.00,0.00,0.00,0,0,0.00,0.00,0.00,0,0,0.00,0.00,0,0
1431656304,s3,0.00,0.00,0.00,0,0,0.00,0.00,0.00,0,0,0.00,0.00,0,0
1431656304,s2-eth2,0.00,0.00,0.00,0,0,0.00,0.00,0.00,0,0,0.00,0.00,0,0
1431656304,s2-eth1,0.00,0.00,0.00,0,0,0.00,0.00,0.00,0,0